30240.000000  0
30300.000000  0
30360.000000  0
30420.000000  0
30480.000000  0
30540.000000  0
30600.000000  0
30660.000000  0
30720.000000  0
30780.000000  2.4
30840.000000  0
30900.000000  0
30960.000000  0
31020.000000  0
31080.000000  0
31140.000000  0
31200.000000  2.4
31260.000000  9.6
31320.000000  38.4
31380.000000  21.6
31440.000000  7.2
31500.000000  4.8
31560.000000  0
31620.000000  0
31680.000000  0
31740.000000  9.6
31800.000000  36
31860.000000  2.4
31920.000000  0
31980.000000  4.8
32040.000000  14.4
32100.000000  55.2
32160.000000  21.6
32220.000000  36
32280.000000  14.4
32340.000000  9.6
32400.000000  19.2
32460.000000  19.2
32520.000000  9.6
32580.000000  7.2
32640.000000  0
32700.000000  36
32760.000000  40.8
32820.000000  50.4
32880.000000  14.4
32940.000000  9.6
33000.000000  16.8
33060.000000  16.8
33120.000000  19.2
33180.000000  0
33240.000000  2.4
33300.000000  0
33360.000000  0
33420.000000  2.4
33480.000000  4.8
33540.000000  4.8
33600.000000  7.2
33660.000000  12
33720.000000  2.4
33780.000000  0
33840.000000  7.2
33900.000000  26.4
33960.000000  2.4
34020.000000  0
34080.000000  0
34140.000000  0
34200.000000  0
34260.000000  0
34320.000000  0
34380.000000  0
34440.000000  0
34500.000000  0
34560.000000  2.4
34620.000000  0
34680.000000  0
34740.000000  0
34800.000000  0
34860.000000  0
34920.000000  0
34980.000000  0
35040.000000  0
35100.000000  0
35160.000000  2.4
35220.000000  0
35280.000000  2.4
35340.000000  2.4
35400.000000  0
35460.000000  4.8
35520.000000  0
35580.000000  0
35640.000000  0
35700.000000  2.4
35760.000000  0
35820.000000  0
35880.000000  0
35940.000000  0
36000.000000  0
36060.000000  0
36120.000000  0
36180.000000  0
36240.000000  0
36300.000000  0
36360.000000  0
36420.000000  0
36480.000000  2.4
36540.000000  2.4
36600.000000  0
36660.000000  0
36720.000000  0
36780.000000  0
36840.000000  0
36900.000000  0
36960.000000  0
37020.000000  0
37080.000000  0
37140.000000  0
37200.000000  0
37260.000000  0
37320.000000  0
37380.000000  0
37440.000000  0
37500.000000  0
37560.000000  0
37620.000000  0
37680.000000  0
37740.000000  0
37800.000000  0
37860.000000  0
37920.000000  0
37980.000000  0
38040.000000  0
38100.000000  0
38160.000000  0
38220.000000  0
38280.000000  0
38340.000000  0
38400.000000  0
38460.000000  0
38520.000000  0
38580.000000  0
38640.000000  0
38700.000000  0
38760.000000  0
38820.000000  0
38880.000000  0
38940.000000  0
39000.000000  0
39060.000000  0
39120.000000  0
39180.000000  0
39240.000000  0
39300.000000  0
39360.000000  0
39420.000000  0
39480.000000  0
39540.000000  0
39600.000000  0
39660.000000  0
39720.000000  0
39780.000000  0
39840.000000  0
39900.000000  0
39960.000000  0
40020.000000  0
40080.000000  0
40140.000000  2.4
40200.000000  0
40260.000000  0
40320.000000  0
40380.000000  0
40440.000000  0
40500.000000  0
40560.000000  0
40620.000000  0
40680.000000  0
40740.000000  0
40800.000000  0
40860.000000  0
40920.000000  0
40980.000000  0
41040.000000  0
41100.000000  0
41160.000000  0
41220.000000  0
41280.000000  0
41340.000000  0
41400.000000  0
41460.000000  0
41520.000000  0
41580.000000  0
41640.000000  0
41700.000000  0
41760.000000  0
41820.000000  0
41880.000000  0
41940.000000  0
42000.000000  0
42060.000000  0
42120.000000  0
42180.000000  0
42240.000000  0
42300.000000  0
42360.000000  0
42420.000000  0
42480.000000  0
42540.000000  0
42600.000000  0
42660.000000  0
42720.000000  0
42780.000000  0
42840.000000  0
42900.000000  0
42960.000000  0
43020.000000  0
43080.000000  0
43140.000000  0
43200.000000  0
43260.000000  0
43320.000000  0
43380.000000  0
43440.000000  0
43500.000000  0
43560.000000  0
43620.000000  0
43680.000000  0
43740.000000  0
43800.000000  0
43860.000000  0
43920.000000  0
43980.000000  0
44040.000000  28.8
44100.000000  0
44160.000000  0
44220.000000  2.4
44280.000000  0
44340.000000  0
44400.000000  0
44460.000000  0
44520.000000  0
44580.000000  0
44640.000000  0
44700.000000  0
44760.000000  0
44820.000000  0
44880.000000  0
44940.000000  0
45000.000000  0
45060.000000  0
45120.000000  0
45180.000000  0
45240.000000  0
45300.000000  0
45360.000000  0
45420.000000  0
45480.000000  0
45540.000000  0
45600.000000  0
45660.000000  0
45720.000000  0
45780.000000  0
45840.000000  0
45900.000000  0
45960.000000  0
46020.000000  0
46080.000000  0
46140.000000  0
46200.000000  0
46260.000000  0
46320.000000  0
46380.000000  0
46440.000000  0
46500.000000  0
46560.000000  0
46620.000000  0
46680.000000  0
46740.000000  0
46800.000000  0
46860.000000  0
46920.000000  0
46980.000000  0
47040.000000  0
47100.000000  0
47160.000000  0
47220.000000  0
47280.000000  0
47340.000000  0
47400.000000  0
47460.000000  0
47520.000000  0
47580.000000  0
47640.000000  0
47700.000000  0
47760.000000  0
47820.000000  0
47880.000000  0
47940.000000  0
48000.000000  0
48060.000000  0
48120.000000  0
48180.000000  0
48240.000000  0
48300.000000  0
48360.000000  0
48420.000000  0
48480.000000  0
48540.000000  0
48600.000000  0
48660.000000  0
48720.000000  0
48780.000000  0
48840.000000  0
48900.000000  0
48960.000000  0
49020.000000  0
49080.000000  0
49140.000000  0
49200.000000  0
49260.000000  0
49320.000000  0
49380.000000  0
49440.000000  0
49500.000000  0
49560.000000  0
49620.000000  0
49680.000000  0
49740.000000  0
49800.000000  0
49860.000000  0
49920.000000  0
49980.000000  0
50040.000000  0
50100.000000  0
50160.000000  0
50220.000000  0
50280.000000  0
50340.000000  0
50400.000000  0
50460.000000  0
50520.000000  0
50580.000000  2.4
50640.000000  0
50700.000000  0
50760.000000  0
50820.000000  2.4
50880.000000  0
50940.000000  0
51000.000000  0
51060.000000  0
51120.000000  0
51180.000000  0
51240.000000  0
51300.000000  0
51360.000000  0
51420.000000  0
51480.000000  0
51540.000000  0
51600.000000  0
51660.000000  0
51720.000000  0
51780.000000  0
51840.000000  0
51900.000000  0
51960.000000  0
52020.000000  0
52080.000000  0
52140.000000  0
52200.000000  0
52260.000000  0
52320.000000  2.4
52380.000000  0
52440.000000  0
52500.000000  2.4
52560.000000  14.4
52620.000000  4.8
52680.000000  21.6
52740.000000  9.6
52800.000000  12
52860.000000  26.4
52920.000000  48
52980.000000  33.6
53040.000000  19.2
53100.000000  16.8
53160.000000  4.8
53220.000000  24
53280.000000  2.4
53340.000000  2.4
53400.000000  2.4
53460.000000  2.4
53520.000000  0
53580.000000  0
53640.000000  0
53700.000000  0
53760.000000  0
53820.000000  0
53880.000000  0
53940.000000  0
54000.000000  0
54060.000000  0
54120.000000  0
54180.000000  0
54240.000000  0
54300.000000  0
54360.000000  0
54420.000000  0
54480.000000  0
54540.000000  0
54600.000000  0
54660.000000  0
54720.000000  0
54780.000000  2.4
54840.000000  2.4
54900.000000  7.2
54960.000000  12
55020.000000  24
55080.000000  9.6
55140.000000  40.8
55200.000000  55.2
55260.000000  50.4
55320.000000  72
55380.000000  45.6
55440.000000  55.2
55500.000000  43.2
55560.000000  16.8
55620.000000  4.8
55680.000000  24
55740.000000  9.6
55800.000000  0
55860.000000  0
55920.000000  0
55980.000000  0
56040.000000  0
56100.000000  0
56160.000000  0
56220.000000  0
56280.000000  0
56340.000000  0
56400.000000  0
56460.000000  0
56520.000000  2.4
56580.000000  0
56640.000000  0
56700.000000  0
56760.000000  0
56820.000000  0
56880.000000  0
56940.000000  0
57000.000000  2.4
57060.000000  0
57120.000000  0
57180.000000  0
57240.000000  0
57300.000000  0
57360.000000  0
57420.000000  0
57480.000000  2.4
57540.000000  0
57600.000000  2.4
57660.000000  2.4
57720.000000  0
57780.000000  0
57840.000000  0
57900.000000  0
57960.000000  7.2
58020.000000  12
58080.000000  2.4
58140.000000  0
58200.000000  0
58260.000000  0
58320.000000  0
58380.000000  0
58440.000000  7.2
58500.000000  0
58560.000000  0
58620.000000  0
58680.000000  0
58740.000000  0
58800.000000  0
58860.000000  0
58920.000000  0
58980.000000  0
59040.000000  0
59100.000000  0
59160.000000  0
59220.000000  0
59280.000000  0
59340.000000  0
59400.000000  0
59460.000000  0
59520.000000  0
59580.000000  0
59640.000000  0
59700.000000  2.4
59760.000000  0
59820.000000  0
59880.000000  0
59940.000000  0
60000.000000  0
60060.000000  0
60120.000000  0
60180.000000  0
60240.000000  0
60300.000000  0
60360.000000  0
60420.000000  0
60480.000000  0
60540.000000  0
60600.000000  0
60660.000000  0
60720.000000  0
60780.000000  0
60840.000000  0
60900.000000  0
60960.000000  0
61020.000000  0
61080.000000  0
61140.000000  0
61200.000000  0
61260.000000  0
61320.000000  0
61380.000000  0
61440.000000  0
61500.000000  0
61560.000000  0
61620.000000  0
61680.000000  0
61740.000000  0
61800.000000  0
61860.000000  0
61920.000000  0
61980.000000  0
62040.000000  0
62100.000000  0
62160.000000  0
62220.000000  0
62280.000000  0
62340.000000  2.4
62400.000000  0
62460.000000  0
62520.000000  0
62580.000000  0
62640.000000  0
62700.000000  0
62760.000000  0
62820.000000  0
62880.000000  0
62940.000000  0
63000.000000  0
63060.000000  0
63120.000000  0
63180.000000  0
63240.000000  0
63300.000000  0
63360.000000  0
63420.000000  0
63480.000000  0
63540.000000  0
63600.000000  0
63660.000000  0
63720.000000  0
63780.000000  0
63840.000000  0
63900.000000  0
63960.000000  0
64020.000000  0
64080.000000  0
64140.000000  0
64200.000000  0
64260.000000  0
64320.000000  0
64380.000000  0
64440.000000  0
64500.000000  0
64560.000000  0
64620.000000  0
64680.000000  0
64740.000000  0
64800.000000  0
64860.000000  0
64920.000000  0
64980.000000  0
65040.000000  0
65100.000000  0
65160.000000  0
65220.000000  0
65280.000000  0
65340.000000  0
65400.000000  0
65460.000000  0
65520.000000  0
65580.000000  0
65640.000000  0
65700.000000  0
65760.000000  0
65820.000000  0
65880.000000  0
65940.000000  0
66000.000000  0
66060.000000  0
66120.000000  0
66180.000000  0
66240.000000  0
66300.000000  0
66360.000000  0
66420.000000  0
66480.000000  0
66540.000000  0
66600.000000  0
66660.000000  0
66720.000000  0
66780.000000  0
66840.000000  0
66900.000000  0
66960.000000  0
67020.000000  0
67080.000000  0
67140.000000  0
67200.000000  0
67260.000000  0
67320.000000  0
67380.000000  0
67440.000000  0
67500.000000  0
67560.000000  0
67620.000000  0
67680.000000  0
67740.000000  0
67800.000000  0
67860.000000  0
67920.000000  0
67980.000000  0
68040.000000  0
68100.000000  0
68160.000000  0
68220.000000  0
68280.000000  0
68340.000000  0
68400.000000  0
68460.000000  0
68520.000000  0
68580.000000  0
68640.000000  0
68700.000000  19.2
68760.000000  4.8
68820.000000  0
68880.000000  0
68940.000000  2.4
69000.000000  19.2
69060.000000  9.6
69120.000000  7.2
69180.000000  31.2
69240.000000  38.4
69300.000000  28.8
69360.000000  12
69420.000000  0
69480.000000  0
69540.000000  0
69600.000000  0
69660.000000  7.2
69720.000000  7.2
69780.000000  0
69840.000000  0
69900.000000  0
69960.000000  0
70020.000000  0
70080.000000  0
70140.000000  0
70200.000000  0
70260.000000  0
70320.000000  0
70380.000000  0
70440.000000  0
70500.000000  0
70560.000000  0
70620.000000  0
70680.000000  0
70740.000000  0
70800.000000  0
70860.000000  0
70920.000000  0
70980.000000  0
71040.000000  0
71100.000000  0
71160.000000  2.4
71220.000000  4.8
71280.000000  0
71340.000000  0
71400.000000  0
71460.000000  0
71520.000000  0
71580.000000  0
71640.000000  0
71700.000000  0
71760.000000  0
71820.000000  0
71880.000000  0
71940.000000  0
72000.000000  0
72060.000000  0
72120.000000  0
72180.000000  0
72240.000000  0
72300.000000  0
72360.000000  0
72420.000000  0
72480.000000  0
72540.000000  0
72600.000000  0
72660.000000  0
72720.000000  0
72780.000000  0
72840.000000  0
72900.000000  0
72960.000000  0
73020.000000  0
73080.000000  0
73140.000000  0
73200.000000  0
73260.000000  0
73320.000000  0
73380.000000  0
73440.000000  0
73500.000000  0
73560.000000  0
73620.000000  0
73680.000000  0
73740.000000  0
73800.000000  0
73860.000000  0
73920.000000  0
73980.000000  0
74040.000000  0
74100.000000  0
74160.000000  0
74220.000000  0
74280.000000  0
74340.000000  0
74400.000000  0
74460.000000  0
74520.000000  0
74580.000000  0
74640.000000  0
74700.000000  0
74760.000000  0
74820.000000  0
74880.000000  0
74940.000000  0
75000.000000  0
75060.000000  0
75120.000000  0
75180.000000  0
75240.000000  0
75300.000000  0
75360.000000  0
75420.000000  0
75480.000000  0
75540.000000  0
75600.000000  0
75660.000000  0
75720.000000  0
75780.000000  0
75840.000000  0
75900.000000  0
75960.000000  0
76020.000000  0
76080.000000  0
76140.000000  0
76200.000000  0
76260.000000  0
76320.000000  0
76380.000000  0
76440.000000  0
76500.000000  0
76560.000000  0
76620.000000  0
76680.000000  0
76740.000000  0
76800.000000  0
76860.000000  0
76920.000000  0
76980.000000  0
77040.000000  0
77100.000000  0
77160.000000  0
77220.000000  0
77280.000000  0
77340.000000  0
77400.000000  0
77460.000000  0
77520.000000  0
77580.000000  0
77640.000000  0
77700.000000  0
77760.000000  0
77820.000000  0
77880.000000  0
77940.000000  0
78000.000000  0
78060.000000  0
78120.000000  0
78180.000000  0
78240.000000  0
78300.000000  0
78360.000000  0
78420.000000  0
78480.000000  0
78540.000000  0
78600.000000  0
78660.000000  0
78720.000000  0
78780.000000  0
78840.000000  0
78900.000000  0
78960.000000  0
79020.000000  0
79080.000000  0
79140.000000  0
79200.000000  0
79260.000000  0
79320.000000  0
79380.000000  0
79440.000000  0
79500.000000  0
79560.000000  0
79620.000000  0
79680.000000  0
79740.000000  0
79800.000000  0
79860.000000  0
79920.000000  0
79980.000000  0
80040.000000  0
80100.000000  0
80160.000000  0
80220.000000  0
80280.000000  0
80340.000000  0
80400.000000  0
80460.000000  0
80520.000000  0
80580.000000  0
80640.000000  0
80700.000000  0
80760.000000  0
80820.000000  0
80880.000000  0
80940.000000  0
81000.000000  0
81060.000000  0
81120.000000  0
81180.000000  0
81240.000000  0
81300.000000  0
81360.000000  0
81420.000000  0
81480.000000  0
81540.000000  0
81600.000000  0
81660.000000  0
81720.000000  0
81780.000000  0
81840.000000  0
81900.000000  0
81960.000000  0
82020.000000  2.4
82080.000000  14.4
82140.000000  12
82200.000000  96
82260.000000  9.6
82320.000000  0
82380.000000  0
82440.000000  2.4
82500.000000  69.6
82560.000000  2.4
82620.000000  2.4
82680.000000  0
82740.000000  0
82800.000000  0
82860.000000  0
82920.000000  0
82980.000000  0
83040.000000  0
83100.000000  0
83160.000000  0
83220.000000  0
83280.000000  0
83340.000000  0
83400.000000  0
83460.000000  4.8
83520.000000  16.8
83580.000000  24
83640.000000  0
83700.000000  0
83760.000000  0
83820.000000  0
83880.000000  0
83940.000000  0
84000.000000  0
84060.000000  0
84120.000000  2.4
84180.000000  2.4
84240.000000  2.4
84300.000000  2.4
84360.000000  0
84420.000000  0
84480.000000  0
84540.000000  0
84600.000000  0
84660.000000  0
84720.000000  0
84780.000000  0
84840.000000  0
84900.000000  0
84960.000000  0
85020.000000  0
85080.000000  0
85140.000000  0
85200.000000  0
85260.000000  0
85320.000000  0
85380.000000  0
85440.000000  0
85500.000000  0
85560.000000  0
85620.000000  0
85680.000000  0
85740.000000  0
85800.000000  0
85860.000000  0
85920.000000  0
85980.000000  0
86040.000000  0
86100.000000  0
86160.000000  0
86220.000000  0
86280.000000  0
86340.000000  0
86400.000000  0
86460.000000  0
86520.000000  0
86580.000000  0
86640.000000  0
86700.000000  0
86760.000000  4.8
86820.000000  2.4
86880.000000  0
86940.000000  0
87000.000000  0
87060.000000  0
87120.000000  0
87180.000000  0
87240.000000  0
87300.000000  0
87360.000000  0
87420.000000  0
87480.000000  0
87540.000000  0
87600.000000  0
87660.000000  0
87720.000000  0
87780.000000  0
87840.000000  0
87900.000000  0
87960.000000  0
88020.000000  0
88080.000000  0
88140.000000  0
88200.000000  2.4
88260.000000  9.6
88320.000000  4.8
88380.000000  2.4
88440.000000  0
88500.000000  0
88560.000000  0
88620.000000  0
88680.000000  0
88740.000000  0
88800.000000  0
88860.000000  0
88920.000000  0
88980.000000  0
89040.000000  0
89100.000000  0
89160.000000  0
89220.000000  0
89280.000000  0
89340.000000  0
89400.000000  0
89460.000000  0
89520.000000  0
89580.000000  0
89640.000000  0
89700.000000  0
89760.000000  0
89820.000000  0
89880.000000  0
89940.000000  0
90000.000000  0
90060.000000  0
90120.000000  0
90180.000000  0
90240.000000  0
90300.000000  0
90360.000000  2.4
90420.000000  2.4
90480.000000  0
90540.000000  0
90600.000000  0
90660.000000  0
90720.000000  0
90780.000000  0
90840.000000  9.6
90900.000000  40.8
90960.000000  122.4
91020.000000  40.8
91080.000000  12
91140.000000  7.2
91200.000000  4.8
91260.000000  0
91320.000000  0
91380.000000  0
91440.000000  7.2
91500.000000  4.8
91560.000000  0
91620.000000  2.4
91680.000000  24
91740.000000  21.6
91800.000000  31.2
91860.000000  36
91920.000000  31.2
91980.000000  0
92040.000000  0
92100.000000  45.6
92160.000000  16.8
92220.000000  28.8
92280.000000  19.2
92340.000000  4.8
92400.000000  0
92460.000000  0
92520.000000  0
92580.000000  0
92640.000000  0
92700.000000  0
92760.000000  2.4
92820.000000  2.4
92880.000000  0
92940.000000  0
93000.000000  2.4
93060.000000  2.4
93120.000000  2.4
93180.000000  0
93240.000000  19.2
93300.000000  38.4
93360.000000  38.4
93420.000000  21.6
93480.000000  2.4
93540.000000  0
93600.000000  0
93660.000000  12
93720.000000  7.2
93780.000000  16.8
93840.000000  9.6
93900.000000  2.4
93960.000000  0
94020.000000  0
94080.000000  0
94140.000000  0
94200.000000  0
94260.000000  4.8
94320.000000  2.4
94380.000000  0
94440.000000  0
94500.000000  72
94560.000000  45.6
94620.000000  0
94680.000000  0
94740.000000  4.8
94800.000000  0
94860.000000  0
94920.000000  0
94980.000000  0
95040.000000  0
95100.000000  0
95160.000000  0
95220.000000  0
95280.000000  0
95340.000000  0
95400.000000  0
95460.000000  0
95520.000000  0
95580.000000  0
95640.000000  0
95700.000000  2.4
95760.000000  0
95820.000000  2.4
95880.000000  0
95940.000000  0
96000.000000  4.8
96060.000000  2.4
96120.000000  0
96180.000000  0
96240.000000  0
96300.000000  0
96360.000000  0
96420.000000  2.4
96480.000000  0
96540.000000  0
96600.000000  0
96660.000000  0
96720.000000  0
96780.000000  0
96840.000000  0
96900.000000  2.4
96960.000000  0
97020.000000  0
97080.000000  0
97140.000000  0
97200.000000  0
97260.000000  0
97320.000000  0
97380.000000  0
97440.000000  0
97500.000000  0
97560.000000  0
97620.000000  0
97680.000000  0
97740.000000  0
97800.000000  0
97860.000000  0
97920.000000  0
97980.000000  0
98040.000000  0
98100.000000  0
98160.000000  0
98220.000000  0
98280.000000  0
98340.000000  0
98400.000000  0
98460.000000  0
98520.000000  0
98580.000000  0
98640.000000  0
98700.000000  0
98760.000000  0
98820.000000  4.8
98880.000000  2.4
98940.000000  0
99000.000000  0
99060.000000  14.4
99120.000000  69.6
99180.000000  7.2
99240.000000  2.4
99300.000000  48
99360.000000  0
99420.000000  0
99480.000000  0
99540.000000  0
99600.000000  0
99660.000000  4.8
99720.000000  7.2
99780.000000  21.6
99840.000000  45.6
99900.000000  21.6
99960.000000  2.4
100020.000000  43.2
100080.000000  24
100140.000000  7.2
100200.000000  52.8
100260.000000  110.4
100320.000000  64.8
100380.000000  14.4
100440.000000  19.2
100500.000000  31.2
100560.000000  31.2
100620.000000  0
100680.000000  16.8
100740.000000  98.4
100800.000000  14.4
100860.000000  4.8
100920.000000  9.6
100980.000000  0
101040.000000  0
101100.000000  2.4
101160.000000  4.8
101220.000000  7.2
101280.000000  12
101340.000000  4.8
101400.000000  0
101460.000000  2.4
101520.000000  0
101580.000000  2.4
101640.000000  2.4
101700.000000  55.2
101760.000000  2.4
101820.000000  0
101880.000000  28.8
101940.000000  0
102000.000000  12
102060.000000  26.4
102120.000000  9.6
102180.000000  43.2
102240.000000  14.4
102300.000000  98.4
102360.000000  7.2
102420.000000  0
102480.000000  7.2
102540.000000  4.8
102600.000000  0
102660.000000  21.6
102720.000000  31.2
102780.000000  45.6
102840.000000  33.6
102900.000000  24
102960.000000  0
103020.000000  0
103080.000000  2.4
103140.000000  0
103200.000000  0
103260.000000  7.2
103320.000000  21.6
103380.000000  26.4
103440.000000  31.2
103500.000000  12
103560.000000  2.4
103620.000000  0
103680.000000  0
103740.000000  0
103800.000000  0
103860.000000  0
103920.000000  0
103980.000000  0
104040.000000  0
104100.000000  0
104160.000000  0
104220.000000  0
104280.000000  0
104340.000000  0
104400.000000  0
104460.000000  21.6
104520.000000  2.4
104580.000000  4.8
104640.000000  2.4
104700.000000  9.6
104760.000000  4.8
104820.000000  0
104880.000000  0
104940.000000  0
105000.000000  0
105060.000000  0
105120.000000  0
105180.000000  0
105240.000000  0
105300.000000  0
105360.000000  2.4
105420.000000  0
105480.000000  0
105540.000000  0
105600.000000  0
105660.000000  0
105720.000000  0
105780.000000  0
105840.000000  0
105900.000000  0
105960.000000  0
106020.000000  0
106080.000000  0
106140.000000  0
106200.000000  38.4
106260.000000  16.8
106320.000000  7.2
106380.000000  4.8
106440.000000  0
106500.000000  0
106560.000000  0
106620.000000  0
106680.000000  0
106740.000000  0
106800.000000  0
106860.000000  0
106920.000000  0
106980.000000  0
107040.000000  0
107100.000000  0
107160.000000  0
107220.000000  0
107280.000000  0
107340.000000  0
107400.000000  0
107460.000000  0
107520.000000  0
107580.000000  0
107640.000000  0
107700.000000  2.4
107760.000000  0
107820.000000  0
107880.000000  0
107940.000000  0
108000.000000  0
108060.000000  0
108120.000000  0
108180.000000  0
108240.000000  0
108300.000000  0
108360.000000  0
108420.000000  0
108480.000000  2.4
108540.000000  0
108600.000000  0
108660.000000  0
108720.000000  0
108780.000000  0
108840.000000  0
108900.000000  0
108960.000000  0
109020.000000  0
109080.000000  0
109140.000000  0
109200.000000  0
109260.000000  0
109320.000000  0
109380.000000  0
109440.000000  0
109500.000000  0
109560.000000  0
109620.000000  0
109680.000000  0
109740.000000  0
109800.000000  0
109860.000000  0
109920.000000  0
109980.000000  0
110040.000000  12
110100.000000  16.8
110160.000000  2.4
110220.000000  0
110280.000000  0
110340.000000  0
110400.000000  0
110460.000000  0
110520.000000  19.2
110580.000000  0
110640.000000  0
110700.000000  36
110760.000000  0
110820.000000  0
110880.000000  0
110940.000000  0
111000.000000  0
111060.000000  0
111120.000000  0
111180.000000  0
111240.000000  0
111300.000000  0
111360.000000  0
111420.000000  0
111480.000000  0
111540.000000  0
111600.000000  0
111660.000000  0
111720.000000  0
111780.000000  0
111840.000000  0
111900.000000  0
111960.000000  0
112020.000000  0
112080.000000  0
112140.000000  9.6
112200.000000  4.8
112260.000000  0
112320.000000  0
112380.000000  0
112440.000000  0
112500.000000  0
112560.000000  0
112620.000000  0
112680.000000  0
112740.000000  0
112800.000000  0
112860.000000  2.4
112920.000000  0
112980.000000  0
113040.000000  0
113100.000000  0
113160.000000  0
113220.000000  0
113280.000000  0
113340.000000  4.8
113400.000000  0
113460.000000  0
113520.000000  0
113580.000000  33.6
113640.000000  4.8
113700.000000  64.8
113760.000000  52.8
113820.000000  33.6
113880.000000  79.2
113940.000000  115.2
114000.000000  48
114060.000000  79.2
114120.000000  4.8
114180.000000  0
114240.000000  0
114300.000000  0
114360.000000  0
114420.000000  0
114480.000000  0
114540.000000  0
114600.000000  0
114660.000000  0
114720.000000  0
114780.000000  2.4
114840.000000  0
114900.000000  0
114960.000000  0
115020.000000  0
115080.000000  0
115140.000000  0
115200.000000  2.4
115260.000000  0
115320.000000  0
115380.000000  0
115440.000000  0
115500.000000  0
115560.000000  0
115620.000000  0
115680.000000  0
115740.000000  2.4
115800.000000  9.6
115860.000000  43.2
115920.000000  4.8
115980.000000  9.6
116040.000000  9.6
116100.000000  2.4
116160.000000  4.8
116220.000000  4.8
116280.000000  36
116340.000000  31.2
116400.000000  0
116460.000000  4.8
116520.000000  0
116580.000000  0
116640.000000  0
116700.000000  0
116760.000000  2.4
116820.000000  2.4
116880.000000  0
116940.000000  0
117000.000000  0
117060.000000  0
117120.000000  0
117180.000000  0
117240.000000  0
117300.000000  0
117360.000000  0
117420.000000  0
117480.000000  0
117540.000000  0
117600.000000  0
117660.000000  0
117720.000000  0
117780.000000  0
117840.000000  2.4
117900.000000  0
117960.000000  0
118020.000000  0
118080.000000  0
118140.000000  0
118200.000000  0
118260.000000  0
118320.000000  0
118380.000000  7.2
118440.000000  12
118500.000000  0
118560.000000  0
118620.000000  0
118680.000000  0
118740.000000  0
118800.000000  0
118860.000000  0
118920.000000  0
118980.000000  0
119040.000000  0
119100.000000  2.4
119160.000000  0
119220.000000  2.4
119280.000000  9.6
119340.000000  0
119400.000000  45.6
119460.000000  7.2
119520.000000  0
119580.000000  0
119640.000000  4.8
119700.000000  19.2
119760.000000  40.8
119820.000000  0
119880.000000  0
119940.000000  0
120000.000000  0
120060.000000  0
120120.000000  2.4
120180.000000  2.4
120240.000000  2.4
120300.000000  0
120360.000000  0
120420.000000  0
120480.000000  0
120540.000000  0
120600.000000  0
120660.000000  0
120720.000000  0
120780.000000  0
120840.000000  0
120900.000000  0
120960.000000  0
121020.000000  0
121080.000000  0
121140.000000  0
121200.000000  0
121260.000000  0
121320.000000  0
121380.000000  0
121440.000000  0
121500.000000  0
121560.000000  0
121620.000000  0
121680.000000  0
121740.000000  0
121800.000000  0
121860.000000  0
121920.000000  0
121980.000000  0
122040.000000  0
122100.000000  0
122160.000000  0
122220.000000  0
122280.000000  0
122340.000000  0
122400.000000  0
122460.000000  0
122520.000000  0
122580.000000  0
122640.000000  0
122700.000000  0
122760.000000  0
122820.000000  0
122880.000000  0
122940.000000  0
123000.000000  0
123060.000000  0
123120.000000  0
123180.000000  0
123240.000000  0
123300.000000  0
123360.000000  0
123420.000000  0
123480.000000  0
123540.000000  0
123600.000000  16.8
123660.000000  28.8
123720.000000  19.2
123780.000000  16.8
123840.000000  28.8
123900.000000  19.2
123960.000000  2.4
124020.000000  12
124080.000000  4.8
124140.000000  7.2
124200.000000  16.8
124260.000000  0
124320.000000  0
124380.000000  0
124440.000000  0
124500.000000  0
124560.000000  0
124620.000000  0
124680.000000  0
124740.000000  0
124800.000000  0
124860.000000  0
124920.000000  0
124980.000000  0
125040.000000  0
125100.000000  0
125160.000000  0
125220.000000  0
125280.000000  0
125340.000000  0
125400.000000  0
125460.000000  0
125520.000000  0
125580.000000  0
125640.000000  0
125700.000000  0
125760.000000  0
125820.000000  0
125880.000000  0
125940.000000  0
126000.000000  0
126060.000000  0
126120.000000  0
126180.000000  0
126240.000000  0
126300.000000  0
126360.000000  0
126420.000000  0
126480.000000  0
126540.000000  0
126600.000000  0
126660.000000  0
126720.000000  0
126780.000000  0
126840.000000  0
126900.000000  0
126960.000000  0
127020.000000  0
127080.000000  0
127140.000000  0
127200.000000  0
127260.000000  0
127320.000000  0
127380.000000  0
127440.000000  0
127500.000000  0
127560.000000  0
127620.000000  0
127680.000000  0
127740.000000  0
127800.000000  0
127860.000000  0
127920.000000  0
127980.000000  0
128040.000000  0
128100.000000  0
128160.000000  0
128220.000000  0
128280.000000  0
128340.000000  0
128400.000000  0
128460.000000  0
128520.000000  0
128580.000000  0
128640.000000  7.2
128700.000000  0
128760.000000  2.4
128820.000000  4.8
128880.000000  12
128940.000000  4.8
129000.000000  0
129060.000000  0
129120.000000  0
129180.000000  2.4
129240.000000  0
129300.000000  0
129360.000000  0
129420.000000  0
129480.000000  0
129540.000000  0
129600.000000  0
129660.000000  0
129720.000000  0
129780.000000  0
129840.000000  0
129900.000000  0
129960.000000  0
130020.000000  0
130080.000000  0
130140.000000  0
130200.000000  0
130260.000000  0
130320.000000  2.4
130380.000000  0
130440.000000  0
130500.000000  0
130560.000000  0
130620.000000  0
130680.000000  0
130740.000000  0
130800.000000  0
130860.000000  2.4
130920.000000  7.2
130980.000000  2.4
131040.000000  14.4
131100.000000  93.6
131160.000000  21.6
131220.000000  4.8
131280.000000  0
131340.000000  0
131400.000000  0
131460.000000  0
131520.000000  2.4
131580.000000  4.8
131640.000000  0
131700.000000  0
131760.000000  0
131820.000000  0
131880.000000  0
131940.000000  0
132000.000000  0
132060.000000  0
132120.000000  0
132180.000000  0
132240.000000  0
132300.000000  0
132360.000000  0
132420.000000  7.2
132480.000000  14.4
132540.000000  0
132600.000000  0
132660.000000  0
132720.000000  9.6
132780.000000  12
132840.000000  9.6
132900.000000  4.8
132960.000000  76.8
133020.000000  4.8
133080.000000  24
133140.000000  24
133200.000000  0
133260.000000  0
133320.000000  0
133380.000000  4.8
133440.000000  2.4
133500.000000  7.2
133560.000000  4.8
133620.000000  24
133680.000000  14.4
133740.000000  2.4
133800.000000  0
133860.000000  12
133920.000000  0
133980.000000  0
134040.000000  0
134100.000000  0
134160.000000  0
134220.000000  0
134280.000000  0
134340.000000  0
134400.000000  0
134460.000000  0
134520.000000  0
134580.000000  0
134640.000000  2.4
134700.000000  2.4
134760.000000  0
134820.000000  2.4
134880.000000  0
134940.000000  0
135000.000000  0
135060.000000  0
135120.000000  0
135180.000000  0
135240.000000  0
135300.000000  0
135360.000000  0
135420.000000  0
135480.000000  0
135540.000000  0
135600.000000  0
135660.000000  0
135720.000000  0
135780.000000  0
135840.000000  0
135900.000000  0
135960.000000  0
136020.000000  0
136080.000000  0
136140.000000  0
136200.000000  0
136260.000000  0
136320.000000  0
136380.000000  0
136440.000000  0
136500.000000  7.2
136560.000000  0
136620.000000  7.2
136680.000000  9.6
136740.000000  0
136800.000000  36
136860.000000  50.4
136920.000000  84
136980.000000  52.8
137040.000000  21.6
137100.000000  24
137160.000000  16.8
137220.000000  24
137280.000000  14.4
137340.000000  19.2
137400.000000  21.6
137460.000000  28.8
137520.000000  26.4
137580.000000  19.2
137640.000000  21.6
137700.000000  19.2
137760.000000  45.6
137820.000000  36
137880.000000  45.6
137940.000000  64.8
138000.000000  93.6
138060.000000  67.2
138120.000000  81.6
138180.000000  247.2
138240.000000  662.4
138300.000000  93.6
138360.000000  307.2
138420.000000  79.2
138480.000000  62.4
138540.000000  124.8
138600.000000  194.4
138660.000000  84
138720.000000  45.6
138780.000000  19.2
138840.000000  79.2
138900.000000  81.6
138960.000000  12
139020.000000  0
139080.000000  0
139140.000000  0
139200.000000  0
139260.000000  0
139320.000000  0
139380.000000  0
139440.000000  0
139500.000000  0
139560.000000  0
139620.000000  0
139680.000000  0
139740.000000  0
139800.000000  0
139860.000000  0
139920.000000  0
139980.000000  0
140040.000000  0
140100.000000  0
140160.000000  0
140220.000000  0
140280.000000  0
140340.000000  0
140400.000000  0
140460.000000  0
140520.000000  9.6
140580.000000  0
140640.000000  4.8
140700.000000  0
140760.000000  0
140820.000000  0
140880.000000  0
140940.000000  0
141000.000000  0
141060.000000  0
141120.000000  2.4
141180.000000  0
141240.000000  2.4
141300.000000  2.4
141360.000000  50.4
141420.000000  4.8
141480.000000  0
141540.000000  0
141600.000000  0
141660.000000  0
141720.000000  0
141780.000000  0
141840.000000  0
141900.000000  0
141960.000000  2.4
142020.000000  2.4
142080.000000  21.6
142140.000000  0
142200.000000  0
142260.000000  74.4
142320.000000  76.8
142380.000000  84
142440.000000  163.2
142500.000000  28.8
142560.000000  45.6
142620.000000  26.4
142680.000000  4.8
142740.000000  7.2
142800.000000  0
142860.000000  0
142920.000000  0
142980.000000  2.4
143040.000000  0
143100.000000  19.2
143160.000000  28.8
143220.000000  4.8
143280.000000  0
143340.000000  0
143400.000000  0
143460.000000  0
143520.000000  0
143580.000000  0
143640.000000  2.4
143700.000000  0
143760.000000  0
143820.000000  0
143880.000000  0
143940.000000  0
144000.000000  0
144060.000000  0
144120.000000  0
144180.000000  0
144240.000000  0
144300.000000  0
144360.000000  0
144420.000000  0
144480.000000  0
144540.000000  0
144600.000000  0
144660.000000  0
144720.000000  0
144780.000000  0
144840.000000  0
144900.000000  0
144960.000000  0
145020.000000  0
145080.000000  0
145140.000000  0
145200.000000  0
145260.000000  0
145320.000000  0
145380.000000  21.6
145440.000000  45.6
145500.000000  21.6
145560.000000  36
145620.000000  14.4
145680.000000  2.4
145740.000000  0
145800.000000  0
145860.000000  0
145920.000000  0
145980.000000  0
146040.000000  2.4
146100.000000  0
146160.000000  0
146220.000000  0
146280.000000  0
146340.000000  0
146400.000000  0
146460.000000  0
146520.000000  0
146580.000000  0
146640.000000  0
146700.000000  0
146760.000000  0
146820.000000  0
146880.000000  0
146940.000000  0
147000.000000  0
147060.000000  0
147120.000000  0
147180.000000  0
147240.000000  0
147300.000000  0
147360.000000  0
147420.000000  0
147480.000000  0
147540.000000  0
147600.000000  0
147660.000000  0
147720.000000  0
147780.000000  2.4
147840.000000  0
147900.000000  0
147960.000000  0
148020.000000  0
148080.000000  0
148140.000000  0
148200.000000  0
148260.000000  0
148320.000000  0
148380.000000  0
148440.000000  0
148500.000000  0
148560.000000  0
148620.000000  0
148680.000000  0
148740.000000  0
148800.000000  0
148860.000000  0
148920.000000  0
148980.000000  0
149040.000000  0
149100.000000  0
149160.000000  0
149220.000000  0
149280.000000  0
149340.000000  0
149400.000000  0
149460.000000  0
149520.000000  0
149580.000000  0
149640.000000  0
149700.000000  0
149760.000000  0
149820.000000  0
149880.000000  0
149940.000000  0
150000.000000  0
150060.000000  0
150120.000000  0
150180.000000  0
150240.000000  0
150300.000000  0
150360.000000  0
150420.000000  0
150480.000000  0
150540.000000  2.4
150600.000000  0
150660.000000  0
150720.000000  0
150780.000000  0
150840.000000  0
150900.000000  4.8
150960.000000  7.2
151020.000000  4.8
151080.000000  0
151140.000000  0
151200.000000  0
151260.000000  0
151320.000000  0
151380.000000  0
151440.000000  0
151500.000000  0
151560.000000  0
151620.000000  0
151680.000000  0
151740.000000  0
151800.000000  0
151860.000000  0
151920.000000  0
151980.000000  0
152040.000000  2.4
152100.000000  2.4
152160.000000  2.4
152220.000000  28.8
152280.000000  16.8
152340.000000  7.2
152400.000000  2.4
152460.000000  0
152520.000000  0
152580.000000  2.4
152640.000000  0
152700.000000  0
152760.000000  0
152820.000000  0
152880.000000  0
152940.000000  0
153000.000000  0
153060.000000  0
153120.000000  0
153180.000000  0
153240.000000  0
153300.000000  0
153360.000000  0
153420.000000  0
153480.000000  0
153540.000000  0
153600.000000  0
153660.000000  0
153720.000000  12
153780.000000  50.4
153840.000000  0
153900.000000  0
153960.000000  0
154020.000000  0
154080.000000  7.2
154140.000000  0
154200.000000  2.4
154260.000000  0
154320.000000  0
154380.000000  0
154440.000000  0
154500.000000  0
154560.000000  0
154620.000000  0
154680.000000  0
154740.000000  0
154800.000000  0
154860.000000  0
154920.000000  0
154980.000000  0
155040.000000  0
155100.000000  0
155160.000000  0
155220.000000  0
155280.000000  0
155340.000000  0
155400.000000  0
155460.000000  0
155520.000000  0
155580.000000  0
155640.000000  0
155700.000000  2.4
155760.000000  2.4
155820.000000  0
155880.000000  7.2
155940.000000  0
156000.000000  0
156060.000000  2.4
156120.000000  2.4
156180.000000  0
156240.000000  0
156300.000000  0
156360.000000  0
156420.000000  0
156480.000000  0
156540.000000  0
156600.000000  0
156660.000000  0
156720.000000  0
156780.000000  0
156840.000000  0
156900.000000  0
156960.000000  0
157020.000000  0
157080.000000  0
157140.000000  0
157200.000000  0
157260.000000  0
157320.000000  0
157380.000000  0
157440.000000  0
157500.000000  0
157560.000000  0
157620.000000  0
157680.000000  0
157740.000000  0
157800.000000  0
157860.000000  0
157920.000000  0
157980.000000  0
158040.000000  0
158100.000000  0
158160.000000  0
158220.000000  0
158280.000000  0
158340.000000  0
158400.000000  0
158460.000000  0
158520.000000  0
158580.000000  0
158640.000000  0
158700.000000  0
158760.000000  0
158820.000000  0
158880.000000  0
158940.000000  0
159000.000000  0
159060.000000  0
159120.000000  0
159180.000000  0
159240.000000  0
159300.000000  0
159360.000000  0
159420.000000  0
159480.000000  0
159540.000000  0
159600.000000  0
159660.000000  0
159720.000000  0
159780.000000  0
159840.000000  0
159900.000000  0
159960.000000  0
160020.000000  0
160080.000000  0
160140.000000  0
160200.000000  0
160260.000000  0
160320.000000  0
160380.000000  0
160440.000000  0
160500.000000  0
160560.000000  0
160620.000000  0
160680.000000  0
160740.000000  0
160800.000000  0
160860.000000  0
160920.000000  0
160980.000000  0
161040.000000  0
161100.000000  0
161160.000000  26.4
161220.000000  105.6
161280.000000  26.4
161340.000000  96
161400.000000  12
161460.000000  19.2
161520.000000  26.4
161580.000000  4.8
161640.000000  0
161700.000000  0
161760.000000  0
161820.000000  0
161880.000000  0
161940.000000  0
162000.000000  0
162060.000000  0
162120.000000  0
162180.000000  0
162240.000000  0
162300.000000  0
162360.000000  0
162420.000000  0
162480.000000  0
162540.000000  0
162600.000000  0
162660.000000  0
162720.000000  0
162780.000000  0
162840.000000  0
162900.000000  0
162960.000000  0
163020.000000  2.4
163080.000000  79.2
163140.000000  2.4
163200.000000  2.4
163260.000000  0
163320.000000  0
163380.000000  0
163440.000000  0
163500.000000  0
163560.000000  0
163620.000000  0
163680.000000  0
163740.000000  0
163800.000000  0
163860.000000  0
163920.000000  0
163980.000000  0
164040.000000  0
164100.000000  0
164160.000000  0
164220.000000  0
164280.000000  0
164340.000000  0
164400.000000  0
164460.000000  0
164520.000000  0
164580.000000  0
164640.000000  0
164700.000000  0
164760.000000  0
164820.000000  2.4
164880.000000  0
164940.000000  0
165000.000000  0
165060.000000  0
165120.000000  0
165180.000000  0
165240.000000  0
165300.000000  0
165360.000000  0
165420.000000  0
165480.000000  0
165540.000000  0
165600.000000  0
165660.000000  0
165720.000000  0
165780.000000  0
165840.000000  0
165900.000000  0
165960.000000  0
166020.000000  0
166080.000000  0
166140.000000  0
166200.000000  0
166260.000000  0
166320.000000  0
166380.000000  2.4
166440.000000  0
166500.000000  0
166560.000000  0
166620.000000  0
166680.000000  0
166740.000000  0
166800.000000  0
166860.000000  0
166920.000000  0
166980.000000  0
167040.000000  0
167100.000000  0
167160.000000  0
167220.000000  0
167280.000000  0
167340.000000  0
167400.000000  0
167460.000000  2.4
167520.000000  7.2
167580.000000  9.6
167640.000000  2.4
167700.000000  2.4
167760.000000  14.4
167820.000000  14.4
167880.000000  0
167940.000000  0
168000.000000  0
168060.000000  0
168120.000000  100.8
168180.000000  96
168240.000000  14.4
168300.000000  0
168360.000000  0
168420.000000  2.4
168480.000000  0
168540.000000  0
168600.000000  2.4
168660.000000  0
168720.000000  0
168780.000000  0
168840.000000  2.4
168900.000000  0
168960.000000  0
169020.000000  0
169080.000000  0
169140.000000  0
169200.000000  2.4
169260.000000  0
169320.000000  0
169380.000000  0
169440.000000  0
169500.000000  0
169560.000000  2.4
169620.000000  4.8
169680.000000  2.4
169740.000000  0
169800.000000  0
169860.000000  0
169920.000000  0
169980.000000  0
170040.000000  0
170100.000000  0
170160.000000  4.8
170220.000000  0
170280.000000  0
170340.000000  0
170400.000000  0
170460.000000  0
170520.000000  0
170580.000000  0
170640.000000  0
170700.000000  0
170760.000000  0
170820.000000  0
170880.000000  0
170940.000000  0
171000.000000  0
171060.000000  0
171120.000000  0
171180.000000  0
171240.000000  0
171300.000000  0
171360.000000  0
171420.000000  0
171480.000000  0
171540.000000  0
171600.000000  0
171660.000000  0
171720.000000  0
171780.000000  0
171840.000000  0
171900.000000  0
171960.000000  0
172020.000000  0
172080.000000  0
172140.000000  0
172200.000000  0
172260.000000  0
172320.000000  0
172380.000000  0
172440.000000  0
172500.000000  0
172560.000000  0
172620.000000  0
172680.000000  0
172740.000000  0
172800.000000  0
172860.000000  0
172920.000000  0
172980.000000  0
173040.000000  0
173100.000000  0
173160.000000  0
173220.000000  0
173280.000000  0
173340.000000  0
173400.000000  0
173460.000000  0
173520.000000  0
173580.000000  0
173640.000000  0
173700.000000  0
173760.000000  14.4
173820.000000  9.6
173880.000000  43.2
173940.000000  38.4
174000.000000  0
174060.000000  0
174120.000000  0
174180.000000  0
174240.000000  0
174300.000000  2.4
174360.000000  0
174420.000000  2.4
174480.000000  2.4
174540.000000  19.2
174600.000000  0
174660.000000  0
174720.000000  0
174780.000000  0
174840.000000  0
174900.000000  0
174960.000000  0
175020.000000  0
175080.000000  0
175140.000000  0
175200.000000  0
175260.000000  0
175320.000000  0
175380.000000  0
175440.000000  0
175500.000000  0
175560.000000  0
175620.000000  0
175680.000000  0
175740.000000  0
175800.000000  0
175860.000000  0
175920.000000  0
175980.000000  0
176040.000000  0
176100.000000  0
176160.000000  0
176220.000000  0
176280.000000  0
176340.000000  0
176400.000000  0
176460.000000  0
176520.000000  0
176580.000000  0
176640.000000  0
176700.000000  0
176760.000000  0
176820.000000  0
176880.000000  0
176940.000000  0
177000.000000  0
177060.000000  0
177120.000000  0
177180.000000  0
177240.000000  0
177300.000000  0
177360.000000  0
177420.000000  0
177480.000000  0
177540.000000  0
177600.000000  0
177660.000000  0
177720.000000  0
177780.000000  0
177840.000000  0
177900.000000  0
177960.000000  0
178020.000000  0
178080.000000  0
178140.000000  0
178200.000000  0
178260.000000  0
178320.000000  0
178380.000000  0
178440.000000  0
178500.000000  0
178560.000000  0
178620.000000  0
178680.000000  0
178740.000000  0
178800.000000  0
178860.000000  0
178920.000000  0
178980.000000  0
179040.000000  0
179100.000000  0
179160.000000  0
179220.000000  0
179280.000000  0
179340.000000  0
179400.000000  0
179460.000000  0
179520.000000  0
179580.000000  0
179640.000000  0
179700.000000  0
179760.000000  0
179820.000000  0
179880.000000  4.8
179940.000000  0
180000.000000  0
180060.000000  7.2
180120.000000  9.6
180180.000000  0
180240.000000  2.4
180300.000000  0
180360.000000  4.8
180420.000000  7.2
180480.000000  12
180540.000000  96
180600.000000  4.8
180660.000000  14.4
180720.000000  2.4
180780.000000  0
180840.000000  0
180900.000000  0
180960.000000  0
181020.000000  0
181080.000000  0
181140.000000  0
181200.000000  0
181260.000000  0
181320.000000  0
181380.000000  0
181440.000000  0
181500.000000  0
181560.000000  0
181620.000000  0
181680.000000  0
181740.000000  0
181800.000000  0
181860.000000  0
181920.000000  0
181980.000000  0
182040.000000  0
182100.000000  0
182160.000000  0
182220.000000  0
182280.000000  0
182340.000000  0
182400.000000  0
182460.000000  0
182520.000000  0
182580.000000  12
182640.000000  12
182700.000000  2.4
182760.000000  2.4
182820.000000  0
182880.000000  0
182940.000000  0
183000.000000  0
183060.000000  0
183120.000000  2.4
183180.000000  24
183240.000000  9.6
183300.000000  26.4
183360.000000  69.6
183420.000000  19.2
183480.000000  0
183540.000000  0
183600.000000  0
183660.000000  0
183720.000000  0
183780.000000  0
183840.000000  0
183900.000000  0
183960.000000  0
184020.000000  0
184080.000000  0
184140.000000  0
184200.000000  0
184260.000000  0
184320.000000  12
184380.000000  14.4
184440.000000  9.6
184500.000000  2.4
184560.000000  0
184620.000000  0
184680.000000  0
184740.000000  0
184800.000000  0
184860.000000  0
184920.000000  0
184980.000000  0
185040.000000  0
185100.000000  0
185160.000000  0
185220.000000  0
185280.000000  21.6
185340.000000  0
185400.000000  132
185460.000000  88.8
185520.000000  62.4
185580.000000  48
185640.000000  2.4
185700.000000  0
185760.000000  0
185820.000000  0
185880.000000  0
185940.000000  2.4
186000.000000  2.4
186060.000000  0
186120.000000  0
186180.000000  0
186240.000000  0
186300.000000  0
186360.000000  9.6
186420.000000  0
186480.000000  2.4
186540.000000  2.4
186600.000000  2.4
186660.000000  0
186720.000000  2.4
186780.000000  0
186840.000000  0
186900.000000  9.6
186960.000000  0
187020.000000  0
187080.000000  0
187140.000000  0
187200.000000  0
187260.000000  0
187320.000000  0
187380.000000  0
187440.000000  0
187500.000000  0
187560.000000  0
187620.000000  0
187680.000000  0
187740.000000  2.4
187800.000000  0
187860.000000  0
187920.000000  0
187980.000000  0
188040.000000  0
188100.000000  7.2
188160.000000  9.6
188220.000000  12
188280.000000  4.8
188340.000000  21.6
188400.000000  62.4
188460.000000  33.6
188520.000000  7.2
188580.000000  21.6
188640.000000  16.8
188700.000000  0
188760.000000  2.4
188820.000000  0
188880.000000  0
188940.000000  2.4
189000.000000  0
189060.000000  0
189120.000000  0
189180.000000  7.2
189240.000000  36
189300.000000  33.6
189360.000000  24
189420.000000  0
189480.000000  9.6
189540.000000  115.2
189600.000000  31.2
189660.000000  0
189720.000000  14.4
189780.000000  0
189840.000000  2.4
189900.000000  4.8
189960.000000  38.4
190020.000000  144
190080.000000  100.8
190140.000000  132
190200.000000  117.6
190260.000000  28.8
190320.000000  2.4
190380.000000  79.2
190440.000000  14.4
190500.000000  0
190560.000000  0
190620.000000  9.6
190680.000000  7.2
190740.000000  0
190800.000000  7.2
190860.000000  21.6
190920.000000  0
190980.000000  9.6
191040.000000  0
191100.000000  0
191160.000000  2.4
191220.000000  2.4
191280.000000  0
191340.000000  7.2
191400.000000  0
191460.000000  0
191520.000000  0
191580.000000  7.2
191640.000000  0
191700.000000  2.4
191760.000000  0
191820.000000  0
191880.000000  9.6
191940.000000  2.4
192000.000000  0
192060.000000  0
192120.000000  0
192180.000000  0
192240.000000  0
192300.000000  2.4
192360.000000  2.4
192420.000000  0
192480.000000  0
192540.000000  0
192600.000000  0
192660.000000  0
192720.000000  0
192780.000000  0
192840.000000  0
192900.000000  0
192960.000000  0
193020.000000  0
193080.000000  0
193140.000000  0
193200.000000  0
193260.000000  0
193320.000000  0
193380.000000  0
193440.000000  0
193500.000000  0
193560.000000  0
193620.000000  0
193680.000000  2.4
193740.000000  0
193800.000000  4.8
193860.000000  12
193920.000000  2.4
193980.000000  0
194040.000000  0
194100.000000  0
194160.000000  0
194220.000000  0
194280.000000  0
194340.000000  0
194400.000000  0
194460.000000  0
194520.000000  0
194580.000000  0
194640.000000  0
194700.000000  0
194760.000000  0
194820.000000  0
194880.000000  0
194940.000000  0
195000.000000  0
195060.000000  0
195120.000000  0
195180.000000  0
195240.000000  0
195300.000000  0
195360.000000  0
195420.000000  0
195480.000000  0
195540.000000  0
195600.000000  0
195660.000000  0
195720.000000  0
195780.000000  0
195840.000000  0
195900.000000  0
195960.000000  0
196020.000000  0
196080.000000  0
196140.000000  0
196200.000000  0
196260.000000  0
196320.000000  0
196380.000000  0
196440.000000  0
196500.000000  0
196560.000000  4.8
196620.000000  19.2
196680.000000  19.2
196740.000000  12
196800.000000  12
196860.000000  2.4
196920.000000  0
196980.000000  0
197040.000000  0
197100.000000  21.6
197160.000000  115.2
197220.000000  105.6
197280.000000  69.6
197340.000000  0
197400.000000  0
197460.000000  0
197520.000000  2.4
197580.000000  0
197640.000000  0
197700.000000  0
197760.000000  0
197820.000000  2.4
197880.000000  7.2
197940.000000  0
198000.000000  7.2
198060.000000  7.2
198120.000000  0
198180.000000  4.8
198240.000000  0
198300.000000  12
198360.000000  2.4
198420.000000  0
198480.000000  0
198540.000000  0
198600.000000  0
198660.000000  0
198720.000000  0
198780.000000  0
198840.000000  0
198900.000000  0
198960.000000  0
199020.000000  0
199080.000000  2.4
199140.000000  0
199200.000000  69.6
199260.000000  45.6
199320.000000  7.2
199380.000000  9.6
199440.000000  2.4
199500.000000  19.2
199560.000000  0
199620.000000  14.4
199680.000000  4.8
199740.000000  0
199800.000000  0
199860.000000  0
199920.000000  0
199980.000000  0
200040.000000  0
200100.000000  0
200160.000000  0
200220.000000  0
200280.000000  0
200340.000000  0
200400.000000  2.4
200460.000000  0
200520.000000  0
200580.000000  0
200640.000000  9.6
200700.000000  16.8
200760.000000  81.6
200820.000000  72
200880.000000  0
200940.000000  43.2
201000.000000  43.2
201060.000000  0
201120.000000  0
201180.000000  24
201240.000000  7.2
201300.000000  9.6
201360.000000  7.2
201420.000000  4.8
201480.000000  2.4
201540.000000  86.4
201600.000000  26.4
201660.000000  4.8
201720.000000  28.8
201780.000000  50.4
201840.000000  24
201900.000000  28.8
201960.000000  24
202020.000000  24
202080.000000  0
202140.000000  0
202200.000000  0
202260.000000  0
202320.000000  0
202380.000000  14.4
202440.000000  0
202500.000000  0
202560.000000  0
202620.000000  4.8
202680.000000  4.8
202740.000000  2.4
202800.000000  4.8
202860.000000  9.6
202920.000000  0
202980.000000  0
203040.000000  12
203100.000000  7.2
203160.000000  2.4
203220.000000  0
203280.000000  4.8
203340.000000  4.8
203400.000000  0
203460.000000  0
203520.000000  4.8
203580.000000  0
203640.000000  0
203700.000000  0
203760.000000  0
203820.000000  0
203880.000000  0
203940.000000  2.4
204000.000000  0
204060.000000  0
204120.000000  0
204180.000000  0
204240.000000  4.8
204300.000000  12
204360.000000  182.4
204420.000000  50.4
204480.000000  12
204540.000000  0
204600.000000  0
204660.000000  0
204720.000000  0
204780.000000  0
204840.000000  0
204900.000000  0
204960.000000  0
205020.000000  0
205080.000000  7.2
205140.000000  0
205200.000000  0
205260.000000  0
205320.000000  0
205380.000000  0
205440.000000  2.4
205500.000000  0
205560.000000  0
205620.000000  0
205680.000000  0
205740.000000  0
205800.000000  0
205860.000000  0
205920.000000  0
205980.000000  0
206040.000000  0
206100.000000  0
206160.000000  0
206220.000000  7.2
206280.000000  0
206340.000000  2.4
206400.000000  0
206460.000000  0
206520.000000  0
206580.000000  0
206640.000000  0
206700.000000  0
206760.000000  0
206820.000000  0
206880.000000  0
206940.000000  0
207000.000000  0
207060.000000  60
207120.000000  79.2
207180.000000  0
207240.000000  0
207300.000000  0
207360.000000  0
207420.000000  0
207480.000000  0
207540.000000  0
207600.000000  2.4
207660.000000  0
207720.000000  0
207780.000000  0
207840.000000  0
207900.000000  0
207960.000000  0
208020.000000  0
208080.000000  0
208140.000000  0
208200.000000  7.2
208260.000000  0
208320.000000  0
208380.000000  0
208440.000000  0
208500.000000  0
208560.000000  0
208620.000000  2.4
208680.000000  182.4
208740.000000  79.2
208800.000000  12
208860.000000  0
208920.000000  2.4
208980.000000  0
209040.000000  0
209100.000000  0
209160.000000  0
209220.000000  0
209280.000000  4.8
209340.000000  0
209400.000000  0
209460.000000  19.2
209520.000000  2.4
209580.000000  0
209640.000000  0
209700.000000  0
209760.000000  0
209820.000000  0
209880.000000  0
209940.000000  28.8
210000.000000  0
210060.000000  0
210120.000000  0
210180.000000  0
210240.000000  0
210300.000000  0
210360.000000  0
210420.000000  0
210480.000000  0
210540.000000  0
210600.000000  0
210660.000000  0
210720.000000  0
210780.000000  12
210840.000000  50.4
210900.000000  24
210960.000000  16.8
211020.000000  33.6
211080.000000  60
211140.000000  48
211200.000000  12
211260.000000  19.2
211320.000000  33.6
211380.000000  60
211440.000000  7.2
211500.000000  4.8
211560.000000  21.6
211620.000000  4.8
211680.000000  26.4
211740.000000  2.4
211800.000000  0
211860.000000  0
211920.000000  0
211980.000000  16.8
212040.000000  21.6
212100.000000  91.2
212160.000000  48
212220.000000  0
212280.000000  0
212340.000000  9.6
212400.000000  14.4
212460.000000  38.4
212520.000000  84
212580.000000  26.4
212640.000000  9.6
212700.000000  2.4
212760.000000  4.8
212820.000000  0
212880.000000  0
212940.000000  0
213000.000000  0
213060.000000  0
213120.000000  0
213180.000000  0
213240.000000  0
213300.000000  0
213360.000000  0
213420.000000  0
213480.000000  0
213540.000000  0
213600.000000  0
213660.000000  0
213720.000000  0
213780.000000  0
213840.000000  0
213900.000000  0
213960.000000  16.8
214020.000000  16.8
214080.000000  26.4
214140.000000  28.8
214200.000000  2.4
214260.000000  4.8
214320.000000  0
214380.000000  0
214440.000000  0
214500.000000  0
214560.000000  0
214620.000000  0
214680.000000  0
214740.000000  0
214800.000000  0
214860.000000  0
214920.000000  0
214980.000000  0
215040.000000  0
215100.000000  2.4
215160.000000  19.2
215220.000000  0
215280.000000  0
215340.000000  0
215400.000000  0
215460.000000  0
215520.000000  0
215580.000000  0
215640.000000  0
215700.000000  0
215760.000000  0
215820.000000  0
215880.000000  0
215940.000000  0
216000.000000  0
216060.000000  0
216120.000000  0
216180.000000  0
216240.000000  0
216300.000000  0
216360.000000  0
216420.000000  0
216480.000000  0
216540.000000  0
216600.000000  0
216660.000000  16.8
216720.000000  0
216780.000000  0
216840.000000  4.8
216900.000000  91.2
216960.000000  108
217020.000000  14.4
217080.000000  7.2
217140.000000  0
217200.000000  184.8
217260.000000  21.6
217320.000000  0
217380.000000  0
217440.000000  2.4
217500.000000  0
217560.000000  0
217620.000000  0
217680.000000  0
217740.000000  2.4
217800.000000  0
217860.000000  0
217920.000000  9.6
217980.000000  4.8
218040.000000  4.8
218100.000000  4.8
218160.000000  0
218220.000000  2.4
218280.000000  4.8
218340.000000  0
218400.000000  19.2
218460.000000  36
218520.000000  45.6
218580.000000  55.2
218640.000000  7.2
218700.000000  21.6
218760.000000  4.8
218820.000000  21.6
218880.000000  50.4
218940.000000  31.2
219000.000000  12
219060.000000  14.4
219120.000000  0
219180.000000  0
219240.000000  0
219300.000000  0
219360.000000  0
219420.000000  0
219480.000000  0
219540.000000  0
219600.000000  0
219660.000000  0
219720.000000  0
219780.000000  0
219840.000000  0
219900.000000  0
219960.000000  0
220020.000000  0
220080.000000  0
220140.000000  0
220200.000000  0
220260.000000  0
220320.000000  0
220380.000000  0
220440.000000  0
220500.000000  0
220560.000000  0
220620.000000  0
220680.000000  0
220740.000000  0
220800.000000  0
220860.000000  0
220920.000000  0
220980.000000  0
221040.000000  0
221100.000000  0
221160.000000  0
221220.000000  0
221280.000000  0
221340.000000  0
221400.000000  0
221460.000000  0
221520.000000  0
221580.000000  0
221640.000000  0
221700.000000  0
221760.000000  0
221820.000000  0
221880.000000  0
221940.000000  0
222000.000000  0
222060.000000  0
222120.000000  0
222180.000000  0
222240.000000  0
222300.000000  0
222360.000000  0
222420.000000  0
222480.000000  0
222540.000000  0
222600.000000  0
222660.000000  0
222720.000000  0
222780.000000  0
222840.000000  0
222900.000000  0
222960.000000  0
223020.000000  0
223080.000000  0
223140.000000  0
223200.000000  0
223260.000000  0
223320.000000  0
223380.000000  0
223440.000000  0
223500.000000  0
223560.000000  0
223620.000000  0
223680.000000  14.4
223740.000000  12
223800.000000  0
223860.000000  2.4
223920.000000  9.6
223980.000000  0
224040.000000  0
224100.000000  0
224160.000000  2.4
224220.000000  0
224280.000000  0
224340.000000  0
224400.000000  0
224460.000000  0
224520.000000  0
224580.000000  0
224640.000000  0
224700.000000  0
224760.000000  0
224820.000000  16.8
224880.000000  7.2
224940.000000  16.8
225000.000000  9.6
225060.000000  0
225120.000000  4.8
225180.000000  2.4
225240.000000  0
225300.000000  0
225360.000000  9.6
225420.000000  31.2
225480.000000  12
225540.000000  7.2
225600.000000  0
225660.000000  0
225720.000000  0
225780.000000  0
225840.000000  0
225900.000000  0
225960.000000  0
226020.000000  0
226080.000000  0
226140.000000  0
226200.000000  0
226260.000000  0
226320.000000  0
226380.000000  0
226440.000000  0
226500.000000  0
226560.000000  0
226620.000000  0
226680.000000  0
226740.000000  0
226800.000000  0
226860.000000  0
226920.000000  0
226980.000000  0
227040.000000  0
227100.000000  0
227160.000000  0
227220.000000  0
227280.000000  0
227340.000000  0
227400.000000  0
227460.000000  0
227520.000000  0
227580.000000  0
227640.000000  0
227700.000000  0
227760.000000  0
227820.000000  0
227880.000000  0
227940.000000  0
228000.000000  2.4
228060.000000  0
228120.000000  0
228180.000000  0
228240.000000  0
228300.000000  2.4
228360.000000  0
228420.000000  0
228480.000000  0
228540.000000  0
228600.000000  0
228660.000000  0
228720.000000  0
228780.000000  0
228840.000000  0
228900.000000  0
228960.000000  0
229020.000000  0
229080.000000  0
229140.000000  0
229200.000000  0
229260.000000  0
229320.000000  0
229380.000000  0
229440.000000  0
229500.000000  0
229560.000000  0
229620.000000  2.4
229680.000000  0
229740.000000  0
229800.000000  0
229860.000000  0
229920.000000  0
229980.000000  0
230040.000000  0
230100.000000  0
230160.000000  0
230220.000000  0
230280.000000  0
230340.000000  0
230400.000000  0
230460.000000  0
230520.000000  0
230580.000000  0
230640.000000  0
230700.000000  0
230760.000000  0
230820.000000  0
230880.000000  0
230940.000000  0
231000.000000  0
231060.000000  0
231120.000000  0
231180.000000  0
231240.000000  0
231300.000000  0
231360.000000  2.4
231420.000000  33.6
231480.000000  48
231540.000000  33.6
231600.000000  21.6
231660.000000  2.4
231720.000000  4.8
231780.000000  9.6
231840.000000  2.4
231900.000000  2.4
231960.000000  12
232020.000000  33.6
232080.000000  62.4
232140.000000  105.6
232200.000000  50.4
232260.000000  2.4
232320.000000  40.8
232380.000000  60
232440.000000  55.2
232500.000000  74.4
232560.000000  96
232620.000000  43.2
232680.000000  52.8
232740.000000  45.6
232800.000000  48
232860.000000  40.8
232920.000000  28.8
232980.000000  31.2
233040.000000  12
233100.000000  26.4
233160.000000  7.2
233220.000000  21.6
233280.000000  7.2
233340.000000  2.4
233400.000000  0
233460.000000  2.4
233520.000000  0
233580.000000  0
233640.000000  0
233700.000000  0
233760.000000  0
233820.000000  0
233880.000000  0
233940.000000  0
234000.000000  0
234060.000000  0
234120.000000  0
234180.000000  0
234240.000000  0
234300.000000  0
234360.000000  0
234420.000000  0
234480.000000  9.6
234540.000000  2.4
234600.000000  16.8
234660.000000  16.8
234720.000000  9.6
234780.000000  0
234840.000000  0
234900.000000  0
234960.000000  0
235020.000000  0
235080.000000  0
235140.000000  0
235200.000000  0
235260.000000  4.8
235320.000000  2.4
235380.000000  2.4
235440.000000  0
235500.000000  0
235560.000000  0
235620.000000  0
235680.000000  0
235740.000000  0
235800.000000  0
235860.000000  0
235920.000000  0
235980.000000  0
236040.000000  12
236100.000000  93.6
236160.000000  28.8
236220.000000  19.2
236280.000000  31.2
236340.000000  55.2
236400.000000  2.4
236460.000000  2.4
236520.000000  24
236580.000000  19.2
236640.000000  76.8
236700.000000  72
236760.000000  144
236820.000000  194.4
236880.000000  129.6
236940.000000  26.4
237000.000000  24
237060.000000  52.8
237120.000000  45.6
237180.000000  21.6
237240.000000  26.4
237300.000000  14.4
237360.000000  9.6
237420.000000  7.2
237480.000000  14.4
237540.000000  0
237600.000000  2.4
237660.000000  0
237720.000000  0
237780.000000  2.4
237840.000000  0
237900.000000  2.4
237960.000000  0
238020.000000  2.4
238080.000000  7.2
238140.000000  4.8
238200.000000  7.2
238260.000000  2.4
238320.000000  0
238380.000000  0
238440.000000  0
238500.000000  0
238560.000000  0
238620.000000  26.4
238680.000000  0
238740.000000  0
238800.000000  0
238860.000000  0
238920.000000  0
238980.000000  0
239040.000000  0
239100.000000  0
239160.000000  0
239220.000000  0
239280.000000  0
239340.000000  0
239400.000000  0
239460.000000  0
239520.000000  0
239580.000000  0
239640.000000  0
239700.000000  0
239760.000000  2.4
239820.000000  2.4
239880.000000  4.8
239940.000000  2.4
240000.000000  0
240060.000000  0
240120.000000  0
240180.000000  0
240240.000000  0
240300.000000  2.4
240360.000000  2.4
240420.000000  2.4
240480.000000  0
240540.000000  0
240600.000000  0
240660.000000  0
240720.000000  0
240780.000000  0
240840.000000  0
240900.000000  0
240960.000000  0
241020.000000  0
241080.000000  0
241140.000000  0
241200.000000  0
241260.000000  2.4
241320.000000  21.6
241380.000000  141.6
241440.000000  28.8
241500.000000  9.6
241560.000000  21.6
241620.000000  19.2
241680.000000  19.2
241740.000000  52.8
241800.000000  7.2
241860.000000  0
241920.000000  0
241980.000000  0
242040.000000  0
242100.000000  0
242160.000000  2.4
242220.000000  0
242280.000000  0
242340.000000  0
242400.000000  0
242460.000000  0
242520.000000  0
242580.000000  0
242640.000000  0
242700.000000  0
242760.000000  0
242820.000000  0
242880.000000  0
242940.000000  2.4
243000.000000  0
243060.000000  0
243120.000000  0
243180.000000  0
243240.000000  0
243300.000000  0
243360.000000  0
243420.000000  0
243480.000000  0
243540.000000  0
243600.000000  0
243660.000000  2.4
243720.000000  4.8
243780.000000  2.4
243840.000000  0
243900.000000  0
243960.000000  0
244020.000000  0
244080.000000  0
244140.000000  0
244200.000000  0
244260.000000  0
244320.000000  0
244380.000000  0
244440.000000  0
244500.000000  0
244560.000000  0
244620.000000  0
244680.000000  0
244740.000000  0
244800.000000  0
244860.000000  0
244920.000000  0
244980.000000  0
245040.000000  0
245100.000000  0
245160.000000  0
245220.000000  0
245280.000000  0
245340.000000  0
245400.000000  0
245460.000000  0
245520.000000  0
245580.000000  0
245640.000000  0
245700.000000  0
245760.000000  0
245820.000000  0
245880.000000  0
245940.000000  0
246000.000000  0
246060.000000  0
246120.000000  0
246180.000000  0
246240.000000  0
246300.000000  0
246360.000000  0
246420.000000  0
246480.000000  0
246540.000000  0
246600.000000  0
246660.000000  0
246720.000000  0
246780.000000  0
246840.000000  0
246900.000000  2.4
246960.000000  0
247020.000000  0
247080.000000  0
247140.000000  0
247200.000000  0
247260.000000  0
247320.000000  0
247380.000000  0
247440.000000  0
247500.000000  0
247560.000000  0
247620.000000  0
247680.000000  0
247740.000000  0
247800.000000  0
247860.000000  0
247920.000000  0
247980.000000  0
248040.000000  0
248100.000000  0
248160.000000  0
248220.000000  0
248280.000000  0
248340.000000  0
248400.000000  0
248460.000000  0
248520.000000  0
248580.000000  0
248640.000000  0
248700.000000  0
248760.000000  0
248820.000000  0
248880.000000  0
248940.000000  0
249000.000000  0
249060.000000  0
249120.000000  0
249180.000000  0
249240.000000  0
249300.000000  0
249360.000000  0
249420.000000  0
249480.000000  0
249540.000000  0
249600.000000  0
249660.000000  0
249720.000000  0
249780.000000  0
249840.000000  0
249900.000000  0
249960.000000  0
250020.000000  0
250080.000000  0
250140.000000  0
250200.000000  0
250260.000000  0
250320.000000  0
250380.000000  0
250440.000000  0
250500.000000  0
250560.000000  0
250620.000000  0
250680.000000  0
250740.000000  0
250800.000000  0
250860.000000  0
250920.000000  0
250980.000000  0
251040.000000  0
251100.000000  0
251160.000000  0
251220.000000  0
251280.000000  0
251340.000000  0
251400.000000  0
251460.000000  0
251520.000000  0
251580.000000  0
251640.000000  0
251700.000000  0
251760.000000  0
251820.000000  0
251880.000000  0
251940.000000  0
252000.000000  0
252060.000000  16.8
252120.000000  24
252180.000000  9.6
252240.000000  7.2
252300.000000  0
252360.000000  2.4
252420.000000  14.4
252480.000000  9.6
252540.000000  9.6
252600.000000  7.2
252660.000000  2.4
252720.000000  26.4
252780.000000  21.6
252840.000000  16.8
252900.000000  19.2
252960.000000  19.2
253020.000000  36
253080.000000  7.2
253140.000000  12
253200.000000  14.4
253260.000000  24
253320.000000  33.6
253380.000000  26.4
253440.000000  19.2
253500.000000  21.6
253560.000000  14.4
253620.000000  7.2
253680.000000  2.4
253740.000000  2.4
253800.000000  0
253860.000000  0
253920.000000  0
253980.000000  0
254040.000000  0
254100.000000  0
254160.000000  0
254220.000000  0
254280.000000  0
254340.000000  0
254400.000000  0
254460.000000  0
254520.000000  0
254580.000000  0
254640.000000  0
254700.000000  0
254760.000000  0
254820.000000  0
254880.000000  0
254940.000000  0
255000.000000  0
255060.000000  0
255120.000000  0
255180.000000  0
255240.000000  0
255300.000000  0
255360.000000  0
255420.000000  0
255480.000000  7.2
255540.000000  9.6
255600.000000  21.6
255660.000000  24
255720.000000  33.6
255780.000000  45.6
255840.000000  28.8
255900.000000  24
255960.000000  14.4
256020.000000  0
256080.000000  0
256140.000000  0
256200.000000  0
256260.000000  12
256320.000000  4.8
256380.000000  0
256440.000000  9.6
256500.000000  0
256560.000000  0
256620.000000  2.4
256680.000000  0
256740.000000  0
256800.000000  0
256860.000000  0
256920.000000  0
256980.000000  0
257040.000000  0
257100.000000  0
257160.000000  2.4
257220.000000  0
257280.000000  0
257340.000000  0
257400.000000  0
257460.000000  0
257520.000000  0
257580.000000  7.2
257640.000000  0
257700.000000  19.2
257760.000000  0
257820.000000  2.4
257880.000000  9.6
257940.000000  16.8
258000.000000  16.8
258060.000000  2.4
258120.000000  12
258180.000000  2.4
258240.000000  9.6
258300.000000  0
258360.000000  0
258420.000000  0
258480.000000  0
258540.000000  7.2
258600.000000  55.2
258660.000000  21.6
258720.000000  14.4
258780.000000  4.8
258840.000000  28.8
258900.000000  69.6
258960.000000  38.4
259020.000000  7.2
259080.000000  40.8
259140.000000  2.4
259200.000000  9.6
259260.000000  9.6
259320.000000  0
259380.000000  0
259440.000000  0
259500.000000  0
259560.000000  52.8
259620.000000  55.2
259680.000000  69.6
259740.000000  38.4
259800.000000  26.4
259860.000000  57.6
259920.000000  57.6
259980.000000  26.4
260040.000000  0
260100.000000  12
260160.000000  38.4
260220.000000  24
260280.000000  0
260340.000000  0
260400.000000  0
260460.000000  33.6
260520.000000  24
260580.000000  2.4
260640.000000  28.8
260700.000000  19.2
260760.000000  19.2
260820.000000  16.8
260880.000000  40.8
260940.000000  9.6
261000.000000  2.4
261060.000000  7.2
261120.000000  16.8
261180.000000  43.2
261240.000000  9.6
261300.000000  7.2
261360.000000  0
261420.000000  0
261480.000000  2.4
261540.000000  0
261600.000000  0
261660.000000  0
261720.000000  0
261780.000000  0
261840.000000  0
261900.000000  0
261960.000000  0
262020.000000  0
262080.000000  0
262140.000000  0
262200.000000  0
262260.000000  0
262320.000000  0
262380.000000  0
262440.000000  0
262500.000000  0
262560.000000  0
262620.000000  0
262680.000000  0
262740.000000  0
262800.000000  7.2
262860.000000  0
262920.000000  9.6
262980.000000  2.4
263040.000000  4.8
263100.000000  12
263160.000000  14.4
263220.000000  2.4
263280.000000  2.4
263340.000000  0
263400.000000  0
263460.000000  0
263520.000000  0
263580.000000  0
263640.000000  0
263700.000000  0
263760.000000  0
263820.000000  0
263880.000000  0
263940.000000  0
264000.000000  0
264060.000000  0
264120.000000  0
264180.000000  0
264240.000000  0
264300.000000  2.4
264360.000000  0
264420.000000  0
264480.000000  0
264540.000000  0
264600.000000  0
264660.000000  0
264720.000000  0
264780.000000  0
264840.000000  0
264900.000000  0
264960.000000  0
265020.000000  0
265080.000000  0
265140.000000  0
265200.000000  0
265260.000000  2.4
265320.000000  0
265380.000000  57.6
265440.000000  9.6
265500.000000  2.4
265560.000000  0
265620.000000  0
265680.000000  0
265740.000000  0
265800.000000  0
265860.000000  9.6
265920.000000  12
265980.000000  0
266040.000000  0
266100.000000  0
266160.000000  0
266220.000000  0
266280.000000  0
266340.000000  0
266400.000000  0
266460.000000  0
266520.000000  0
266580.000000  0
266640.000000  0
266700.000000  0
266760.000000  0
266820.000000  7.2
266880.000000  0
266940.000000  2.4
267000.000000  0
267060.000000  9.6
267120.000000  2.4
267180.000000  0
267240.000000  0
267300.000000  0
267360.000000  0
267420.000000  0
267480.000000  14.4
267540.000000  2.4
267600.000000  0
267660.000000  0
267720.000000  2.4
267780.000000  0
267840.000000  2.4
267900.000000  4.8
267960.000000  2.4
268020.000000  4.8
268080.000000  4.8
268140.000000  12
268200.000000  0
268260.000000  12
268320.000000  24
268380.000000  7.2
268440.000000  2.4
268500.000000  0
268560.000000  0
268620.000000  0
268680.000000  0
268740.000000  0
268800.000000  0
268860.000000  0
268920.000000  0
268980.000000  0
269040.000000  0
269100.000000  0
269160.000000  0
269220.000000  0
269280.000000  0
269340.000000  0
269400.000000  0
269460.000000  0
269520.000000  4.8
269580.000000  31.2
269640.000000  28.8
269700.000000  52.8
269760.000000  16.8
269820.000000  19.2
269880.000000  9.6
269940.000000  19.2
270000.000000  12
270060.000000  12
270120.000000  9.6
270180.000000  4.8
270240.000000  12
270300.000000  21.6
270360.000000  24
270420.000000  36
270480.000000  31.2
270540.000000  33.6
270600.000000  16.8
270660.000000  9.6
270720.000000  7.2
270780.000000  14.4
270840.000000  19.2
270900.000000  16.8
270960.000000  50.4
271020.000000  88.8
271080.000000  76.8
271140.000000  67.2
271200.000000  45.6
271260.000000  36
271320.000000  43.2
271380.000000  60
271440.000000  62.4
271500.000000  79.2
271560.000000  60
271620.000000  50.4
271680.000000  19.2
271740.000000  16.8
271800.000000  33.6
271860.000000  9.6
271920.000000  2.4
271980.000000  0
272040.000000  2.4
272100.000000  12
272160.000000  4.8
272220.000000  7.2
272280.000000  4.8
272340.000000  7.2
272400.000000  0
272460.000000  0
272520.000000  0
272580.000000  0
272640.000000  0
272700.000000  0
272760.000000  0
272820.000000  0
272880.000000  0
272940.000000  0
273000.000000  0
273060.000000  0
273120.000000  0
273180.000000  0
273240.000000  0
273300.000000  0
273360.000000  0
273420.000000  0
273480.000000  0
273540.000000  0
273600.000000  0
273660.000000  0
273720.000000  0
273780.000000  0
273840.000000  0
273900.000000  0
273960.000000  0
274020.000000  0
274080.000000  0
274140.000000  0
274200.000000  2.4
274260.000000  4.8
274320.000000  9.6
274380.000000  21.6
274440.000000  33.6
274500.000000  33.6
274560.000000  50.4
274620.000000  26.4
274680.000000  31.2
274740.000000  26.4
274800.000000  45.6
274860.000000  31.2
274920.000000  7.2
274980.000000  16.8
275040.000000  28.8
275100.000000  24
275160.000000  16.8
275220.000000  4.8
275280.000000  2.4
275340.000000  9.6
275400.000000  24
275460.000000  43.2
275520.000000  19.2
275580.000000  28.8
275640.000000  40.8
275700.000000  31.2
275760.000000  40.8
275820.000000  19.2
275880.000000  31.2
275940.000000  33.6
276000.000000  57.6
276060.000000  24
276120.000000  14.4
276180.000000  14.4
276240.000000  16.8
276300.000000  24
276360.000000  48
276420.000000  33.6
276480.000000  19.2
276540.000000  9.6
276600.000000  9.6
276660.000000  0
276720.000000  0
276780.000000  0
276840.000000  0
276900.000000  0
276960.000000  0
277020.000000  0
277080.000000  0
277140.000000  0
277200.000000  0
277260.000000  0
277320.000000  0
277380.000000  2.4
277440.000000  0
277500.000000  0
277560.000000  28.8
277620.000000  4.8
277680.000000  2.4
277740.000000  19.2
277800.000000  21.6
277860.000000  0
277920.000000  2.4
277980.000000  2.4
278040.000000  0
278100.000000  0
278160.000000  0
278220.000000  0
278280.000000  0
278340.000000  2.4
278400.000000  0
278460.000000  0
278520.000000  0
278580.000000  24
278640.000000  14.4
278700.000000  28.8
278760.000000  48
278820.000000  31.2
278880.000000  0
278940.000000  2.4
279000.000000  16.8
279060.000000  4.8
279120.000000  16.8
279180.000000  2.4
279240.000000  9.6
279300.000000  19.2
279360.000000  2.4
279420.000000  9.6
279480.000000  2.4
279540.000000  0
279600.000000  0
279660.000000  4.8
279720.000000  2.4
279780.000000  0
279840.000000  2.4
279900.000000  0
279960.000000  0
280020.000000  0
280080.000000  0
280140.000000  9.6
280200.000000  7.2
280260.000000  2.4
280320.000000  0
280380.000000  0
280440.000000  0
280500.000000  0
280560.000000  0
280620.000000  0
280680.000000  0
280740.000000  0
280800.000000  0
280860.000000  0
280920.000000  0
280980.000000  0
281040.000000  0
281100.000000  0
281160.000000  0
281220.000000  0
281280.000000  0
281340.000000  0
281400.000000  0
281460.000000  0
281520.000000  0
281580.000000  0
281640.000000  0
281700.000000  12
281760.000000  55.2
281820.000000  67.2
281880.000000  24
281940.000000  12
282000.000000  21.6
282060.000000  31.2
282120.000000  50.4
282180.000000  16.8
282240.000000  19.2
282300.000000  2.4
282360.000000  2.4
282420.000000  31.2
282480.000000  9.6
282540.000000  9.6
282600.000000  2.4
282660.000000  0
282720.000000  0
282780.000000  0
282840.000000  0
282900.000000  0
282960.000000  0
283020.000000  0
283080.000000  0
283140.000000  2.4
283200.000000  0
283260.000000  0
283320.000000  0
283380.000000  0
283440.000000  0
283500.000000  0
283560.000000  0
283620.000000  0
283680.000000  0
283740.000000  0
283800.000000  0
283860.000000  0
283920.000000  0
283980.000000  0
284040.000000  0
284100.000000  2.4
284160.000000  0
284220.000000  0
284280.000000  0
284340.000000  0
284400.000000  0
284460.000000  0
284520.000000  0
284580.000000  0
284640.000000  0
284700.000000  0
284760.000000  0
284820.000000  0
284880.000000  0
284940.000000  0
285000.000000  0
285060.000000  0
285120.000000  0
285180.000000  0
285240.000000  0
285300.000000  0
285360.000000  0
285420.000000  0
285480.000000  0
285540.000000  0
285600.000000  0
285660.000000  0
285720.000000  0
285780.000000  0
285840.000000  2.4
285900.000000  0
285960.000000  0
286020.000000  0
286080.000000  0
286140.000000  0
286200.000000  0
286260.000000  0
286320.000000  0
286380.000000  0
286440.000000  0
286500.000000  0
286560.000000  0
286620.000000  0
286680.000000  0
286740.000000  0
286800.000000  0
286860.000000  0
286920.000000  0
286980.000000  0
287040.000000  0
287100.000000  0
287160.000000  0
287220.000000  0
287280.000000  0
287340.000000  0
287400.000000  0
287460.000000  0
287520.000000  0
287580.000000  0
287640.000000  0
287700.000000  0
287760.000000  0
287820.000000  0
287880.000000  0
287940.000000  0
288000.000000  0
288060.000000  0
288120.000000  0
288180.000000  0
288240.000000  0
288300.000000  0
288360.000000  0
288420.000000  0
288480.000000  0
288540.000000  0
288600.000000  0
288660.000000  0
288720.000000  0
288780.000000  0
288840.000000  0
288900.000000  0
288960.000000  0
289020.000000  0
289080.000000  0
289140.000000  0
289200.000000  0
289260.000000  0
289320.000000  0
289380.000000  0
289440.000000  0
289500.000000  0
289560.000000  0
289620.000000  0
289680.000000  0
289740.000000  0
289800.000000  0
289860.000000  0
289920.000000  0
289980.000000  0
290040.000000  0
290100.000000  0
290160.000000  0
290220.000000  0
290280.000000  0
290340.000000  0
290400.000000  0
290460.000000  0
290520.000000  0
290580.000000  0
290640.000000  0
290700.000000  0
290760.000000  0
290820.000000  4.8
290880.000000  19.2
290940.000000  16.8
291000.000000  19.2
291060.000000  7.2
291120.000000  4.8
291180.000000  9.6
291240.000000  79.2
291300.000000  26.4
291360.000000  2.4
291420.000000  0
291480.000000  0
291540.000000  0
291600.000000  0
291660.000000  0
291720.000000  0
291780.000000  0
291840.000000  0
291900.000000  0
291960.000000  0
292020.000000  0
292080.000000  0
292140.000000  0
292200.000000  4.8
292260.000000  2.4
292320.000000  0
292380.000000  0
292440.000000  0
292500.000000  0
292560.000000  0
292620.000000  0
292680.000000  2.4
292740.000000  0
292800.000000  2.4
292860.000000  26.4
292920.000000  7.2
292980.000000  31.2
293040.000000  38.4
293100.000000  28.8
293160.000000  26.4
293220.000000  24
293280.000000  26.4
293340.000000  64.8
293400.000000  40.8
293460.000000  0
293520.000000  0
293580.000000  31.2
293640.000000  0
293700.000000  0
293760.000000  0
293820.000000  0
293880.000000  7.2
293940.000000  33.6
294000.000000  74.4
294060.000000  110.4
294120.000000  112.8
294180.000000  57.6
294240.000000  57.6
294300.000000  0
294360.000000  0
294420.000000  12
294480.000000  62.4
294540.000000  108
294600.000000  14.4
294660.000000  9.6
294720.000000  38.4
294780.000000  28.8
294840.000000  40.8
294900.000000  0
294960.000000  64.8
295020.000000  28.8
295080.000000  19.2
295140.000000  4.8
295200.000000  4.8
295260.000000  14.4
295320.000000  4.8
295380.000000  9.6
295440.000000  0
295500.000000  0
295560.000000  0
295620.000000  12
295680.000000  0
295740.000000  4.8
295800.000000  40.8
295860.000000  100.8
295920.000000  84
295980.000000  7.2
296040.000000  40.8
296100.000000  103.2
296160.000000  24
296220.000000  24
296280.000000  19.2
296340.000000  12
296400.000000  60
296460.000000  48
296520.000000  14.4
296580.000000  2.4
296640.000000  2.4
296700.000000  2.4
296760.000000  0
296820.000000  0
296880.000000  0
296940.000000  0
297000.000000  0
297060.000000  0
297120.000000  0
297180.000000  0
297240.000000  0
297300.000000  0
297360.000000  0
297420.000000  0
297480.000000  0
297540.000000  0
297600.000000  0
297660.000000  0
297720.000000  0
297780.000000  0
297840.000000  0
297900.000000  0
297960.000000  0
298020.000000  0
298080.000000  0
298140.000000  0
298200.000000  0
298260.000000  0
298320.000000  0
298380.000000  0
298440.000000  0
298500.000000  0
298560.000000  0
298620.000000  0
298680.000000  0
298740.000000  0
298800.000000  31.2
298860.000000  31.2
298920.000000  9.6
298980.000000  14.4
299040.000000  0
299100.000000  0
299160.000000  0
299220.000000  0
299280.000000  0
299340.000000  0
299400.000000  0
299460.000000  0
299520.000000  0
299580.000000  0
299640.000000  0
299700.000000  0
299760.000000  0
299820.000000  0
299880.000000  0
299940.000000  0
300000.000000  0
300060.000000  0
300120.000000  0
300180.000000  0
300240.000000  0
300300.000000  0
300360.000000  0
300420.000000  0
300480.000000  0
300540.000000  0
300600.000000  0
300660.000000  0
300720.000000  0
300780.000000  4.8
300840.000000  16.8
300900.000000  4.8
300960.000000  0
301020.000000  0
301080.000000  0
301140.000000  2.4
301200.000000  136.8
301260.000000  36
301320.000000  24
301380.000000  0
301440.000000  12
301500.000000  4.8
301560.000000  9.6
301620.000000  0
301680.000000  7.2
301740.000000  7.2
301800.000000  33.6
301860.000000  26.4
301920.000000  14.4
301980.000000  2.4
302040.000000  0
302100.000000  28.8
302160.000000  12
302220.000000  14.4
302280.000000  2.4
302340.000000  2.4
302400.000000  4.8
302460.000000  2.4
302520.000000  2.4
302580.000000  2.4
302640.000000  16.8
302700.000000  16.8
302760.000000  7.2
302820.000000  0
302880.000000  0
302940.000000  0
303000.000000  0
303060.000000  0
303120.000000  0
303180.000000  0
303240.000000  0
303300.000000  0
303360.000000  0
303420.000000  0
303480.000000  0
303540.000000  0
303600.000000  0
303660.000000  0
303720.000000  0
303780.000000  0
303840.000000  0
303900.000000  0
303960.000000  0
304020.000000  0
304080.000000  0
304140.000000  0
304200.000000  0
304260.000000  0
304320.000000  0
304380.000000  0
304440.000000  0
304500.000000  0
304560.000000  0
304620.000000  7.2
304680.000000  28.8
304740.000000  52.8
304800.000000  40.8
304860.000000  19.2
304920.000000  36
304980.000000  36
305040.000000  0
305100.000000  2.4
305160.000000  4.8
305220.000000  4.8
305280.000000  4.8
305340.000000  0
305400.000000  14.4
305460.000000  12
305520.000000  0
305580.000000  0
305640.000000  4.8
305700.000000  16.8
305760.000000  2.4
305820.000000  2.4
305880.000000  21.6
305940.000000  12
306000.000000  0
306060.000000  0
306120.000000  0
306180.000000  0
306240.000000  0
306300.000000  0
306360.000000  0
306420.000000  0
306480.000000  0
306540.000000  4.8
306600.000000  31.2
306660.000000  31.2
306720.000000  26.4
306780.000000  28.8
306840.000000  33.6
306900.000000  31.2
306960.000000  48
307020.000000  67.2
307080.000000  72
307140.000000  60
307200.000000  24
307260.000000  12
307320.000000  4.8
307380.000000  0
307440.000000  4.8
307500.000000  9.6
307560.000000  19.2
307620.000000  26.4
307680.000000  21.6
307740.000000  36
307800.000000  21.6
307860.000000  4.8
307920.000000  12
307980.000000  28.8
308040.000000  31.2
308100.000000  45.6
308160.000000  21.6
308220.000000  7.2
308280.000000  2.4
308340.000000  55.2
308400.000000  0
308460.000000  0
308520.000000  0
308580.000000  0
308640.000000  0
308700.000000  0
308760.000000  2.4
308820.000000  0
308880.000000  0
308940.000000  0
309000.000000  0
309060.000000  0
309120.000000  0
309180.000000  0
309240.000000  0
309300.000000  0
309360.000000  0
309420.000000  0
309480.000000  0
309540.000000  0
309600.000000  0
309660.000000  0
309720.000000  0
309780.000000  0
309840.000000  0
309900.000000  0
309960.000000  0
310020.000000  0
310080.000000  0
310140.000000  0
310200.000000  0
310260.000000  0
310320.000000  0
310380.000000  0
310440.000000  0
310500.000000  0
310560.000000  0
310620.000000  14.4
310680.000000  69.6
310740.000000  50.4
310800.000000  21.6
310860.000000  4.8
310920.000000  7.2
310980.000000  12
311040.000000  21.6
311100.000000  26.4
311160.000000  16.8
311220.000000  4.8
311280.000000  2.4
311340.000000  2.4
311400.000000  4.8
311460.000000  4.8
311520.000000  4.8
311580.000000  0
311640.000000  0
311700.000000  0
311760.000000  0
311820.000000  0
311880.000000  0
311940.000000  0
312000.000000  0
312060.000000  0
312120.000000  0
312180.000000  0
312240.000000  0
312300.000000  0
312360.000000  0
312420.000000  0
312480.000000  4.8
312540.000000  12
312600.000000  9.6
312660.000000  4.8
312720.000000  0
312780.000000  0
312840.000000  0
312900.000000  0
312960.000000  4.8
313020.000000  14.4
313080.000000  7.2
313140.000000  9.6
313200.000000  4.8
313260.000000  0
313320.000000  0
313380.000000  0
313440.000000  0
313500.000000  0
313560.000000  0
313620.000000  0
313680.000000  0
313740.000000  0
313800.000000  0
313860.000000  0
313920.000000  0
313980.000000  0
314040.000000  0
314100.000000  0
314160.000000  0
314220.000000  0
314280.000000  0
314340.000000  0
314400.000000  0
314460.000000  0
314520.000000  2.4
314580.000000  0
314640.000000  0
314700.000000  0
314760.000000  0
314820.000000  0
314880.000000  0
314940.000000  0
315000.000000  0
315060.000000  0
315120.000000  0
315180.000000  0
315240.000000  0
315300.000000  0
315360.000000  0
315420.000000  0
315480.000000  0
315540.000000  0
315600.000000  0
315660.000000  0
315720.000000  0
315780.000000  0
315840.000000  0
315900.000000  0
315960.000000  0
316020.000000  0
316080.000000  0
316140.000000  0
316200.000000  0
316260.000000  0
316320.000000  19.2
316380.000000  24
316440.000000  2.4
316500.000000  2.4
316560.000000  0
316620.000000  0
316680.000000  0
316740.000000  0
316800.000000  0
316860.000000  0
316920.000000  0
316980.000000  0
317040.000000  0
317100.000000  0
317160.000000  0
317220.000000  0
317280.000000  0
317340.000000  0
317400.000000  0
317460.000000  0
317520.000000  0
317580.000000  0
317640.000000  0
317700.000000  0
317760.000000  0
317820.000000  0
317880.000000  0
317940.000000  0
318000.000000  0
318060.000000  0
318120.000000  0
318180.000000  0
318240.000000  0
318300.000000  0
318360.000000  0
318420.000000  0
318480.000000  0
318540.000000  0
318600.000000  0
318660.000000  0
318720.000000  0
318780.000000  0
318840.000000  0
318900.000000  0
318960.000000  0
319020.000000  0
319080.000000  0
319140.000000  0
319200.000000  0
319260.000000  0
319320.000000  0
319380.000000  0
319440.000000  0
319500.000000  0
319560.000000  0
319620.000000  0
319680.000000  0
319740.000000  0
319800.000000  0
319860.000000  0
319920.000000  0
319980.000000  0
320040.000000  0
320100.000000  0
320160.000000  0
320220.000000  0
320280.000000  0
320340.000000  0
320400.000000  0
320460.000000  0
320520.000000  0
320580.000000  0
320640.000000  0
320700.000000  0
320760.000000  0
320820.000000  0
320880.000000  0
320940.000000  0
321000.000000  0
321060.000000  0
321120.000000  0
321180.000000  0
321240.000000  0
321300.000000  0
321360.000000  0
321420.000000  0
321480.000000  0
321540.000000  0
321600.000000  0
321660.000000  0
321720.000000  0
321780.000000  0
321840.000000  0
321900.000000  0
321960.000000  0
322020.000000  0
322080.000000  0
322140.000000  0
322200.000000  0
322260.000000  0
322320.000000  0
322380.000000  0
322440.000000  0
322500.000000  0
322560.000000  0
322620.000000  0
322680.000000  0
322740.000000  0
322800.000000  0
322860.000000  2.4
322920.000000  2.4
322980.000000  16.8
323040.000000  7.2
323100.000000  0
323160.000000  14.4
323220.000000  4.8
323280.000000  0
323340.000000  0
323400.000000  31.2
323460.000000  36
323520.000000  9.6
323580.000000  7.2
323640.000000  7.2
323700.000000  0
323760.000000  0
323820.000000  16.8
323880.000000  24
323940.000000  0
324000.000000  0
324060.000000  0
324120.000000  0
324180.000000  0
324240.000000  0
324300.000000  0
324360.000000  0
324420.000000  0
324480.000000  0
324540.000000  0
324600.000000  0
324660.000000  0
324720.000000  0
324780.000000  2.4
324840.000000  0
324900.000000  0
324960.000000  0
325020.000000  0
325080.000000  0
325140.000000  0
325200.000000  0
325260.000000  0
325320.000000  0
325380.000000  2.4
325440.000000  0
325500.000000  0
325560.000000  0
325620.000000  0
325680.000000  2.4
325740.000000  7.2
325800.000000  43.2
325860.000000  4.8
325920.000000  0
325980.000000  0
326040.000000  0
326100.000000  0
326160.000000  2.4
326220.000000  0
326280.000000  0
326340.000000  0
326400.000000  0
326460.000000  0
326520.000000  28.8
326580.000000  24
326640.000000  12
326700.000000  19.2
326760.000000  0
326820.000000  9.6
326880.000000  0
326940.000000  0
327000.000000  0
327060.000000  0
327120.000000  0
327180.000000  0
327240.000000  0
327300.000000  0
327360.000000  0
327420.000000  0
327480.000000  0
327540.000000  0
327600.000000  0
327660.000000  0
327720.000000  0
327780.000000  0
327840.000000  0
327900.000000  2.4
327960.000000  0
328020.000000  4.8
328080.000000  2.4
328140.000000  0
328200.000000  0
328260.000000  0
328320.000000  0
328380.000000  0
328440.000000  0
328500.000000  0
328560.000000  0
328620.000000  0
328680.000000  0
328740.000000  0
328800.000000  0
328860.000000  0
328920.000000  2.4
328980.000000  0
329040.000000  0
329100.000000  0
329160.000000  0
329220.000000  0
329280.000000  2.4
329340.000000  91.2
329400.000000  117.6
329460.000000  76.8
329520.000000  62.4
329580.000000  100.8
329640.000000  57.6
329700.000000  9.6
329760.000000  14.4
329820.000000  4.8
329880.000000  24
329940.000000  33.6
330000.000000  14.4
330060.000000  16.8
330120.000000  26.4
330180.000000  45.6
330240.000000  16.8
330300.000000  16.8
330360.000000  0
330420.000000  7.2
330480.000000  24
330540.000000  105.6
330600.000000  72
330660.000000  16.8
330720.000000  24
330780.000000  40.8
330840.000000  2.4
330900.000000  0
330960.000000  0
331020.000000  4.8
331080.000000  9.6
331140.000000  36
331200.000000  0
331260.000000  26.4
331320.000000  52.8
331380.000000  12
331440.000000  36
331500.000000  19.2
331560.000000  4.8
331620.000000  24
331680.000000  28.8
331740.000000  45.6
331800.000000  24
331860.000000  28.8
331920.000000  64.8
331980.000000  24
332040.000000  2.4
332100.000000  38.4
332160.000000  14.4
332220.000000  7.2
332280.000000  4.8
332340.000000  2.4
332400.000000  0
332460.000000  21.6
332520.000000  9.6
332580.000000  14.4
332640.000000  0
332700.000000  0
332760.000000  26.4
332820.000000  0
332880.000000  33.6
332940.000000  43.2
333000.000000  40.8
333060.000000  2.4
333120.000000  9.6
333180.000000  7.2
333240.000000  12
333300.000000  16.8
333360.000000  38.4
333420.000000  7.2
333480.000000  9.6
333540.000000  33.6
333600.000000  9.6
333660.000000  21.6
333720.000000  14.4
333780.000000  64.8
333840.000000  40.8
333900.000000  0
333960.000000  57.6
334020.000000  81.6
334080.000000  2.4
334140.000000  38.4
334200.000000  115.2
334260.000000  62.4
334320.000000  12
334380.000000  9.6
334440.000000  4.8
334500.000000  60
334560.000000  9.6
334620.000000  72
334680.000000  36
334740.000000  9.6
334800.000000  4.8
334860.000000  2.4
334920.000000  2.4
334980.000000  4.8
335040.000000  0
335100.000000  0
335160.000000  0
335220.000000  0
335280.000000  0
335340.000000  0
335400.000000  0
335460.000000  0
335520.000000  0
