0.0000000e+00 0.0000000e+00 0.0000000e+00 0.0000000e+00 0.0000000e+00
7.2000000e+02 0.0000000e+00 0.0000000e+00 0.0000000e+00 0.0000000e+00
1.4400000e+03 0.0000000e+00 0.0000000e+00 0.0000000e+00 0.0000000e+00
2.1600000e+03 0.0000000e+00 0.0000000e+00 0.0000000e+00 0.0000000e+00
2.8800000e+03 0.0000000e+00 0.0000000e+00 0.0000000e+00 0.0000000e+00
3.6000000e+03 0.0000000e+00 0.0000000e+00 0.0000000e+00 0.0000000e+00
4.3200000e+03 0.0000000e+00 0.0000000e+00 0.0000000e+00 0.0000000e+00
5.0400000e+03 0.0000000e+00 0.0000000e+00 0.0000000e+00 0.0000000e+00
5.7600000e+03 0.0000000e+00 0.0000000e+00 0.0000000e+00 0.0000000e+00
6.4800000e+03 0.0000000e+00 0.0000000e+00 0.0000000e+00 0.0000000e+00
7.2000000e+03 0.0000000e+00 0.0000000e+00 0.0000000e+00 0.0000000e+00
7.9200000e+03 0.0000000e+00 0.0000000e+00 0.0000000e+00 0.0000000e+00
8.6400000e+03 0.0000000e+00 0.0000000e+00 0.0000000e+00 0.0000000e+00
9.3600000e+03 0.0000000e+00 0.0000000e+00 0.0000000e+00 0.0000000e+00
1.0080000e+04 0.0000000e+00 0.0000000e+00 0.0000000e+00 0.0000000e+00
1.0800000e+04 0.0000000e+00 0.0000000e+00 0.0000000e+00 0.0000000e+00
1.1520000e+04 0.0000000e+00 0.0000000e+00 0.0000000e+00 0.0000000e+00
1.2240000e+04 0.0000000e+00 0.0000000e+00 0.0000000e+00 0.0000000e+00
1.2960000e+04 0.0000000e+00 0.0000000e+00 0.0000000e+00 0.0000000e+00
1.3680000e+04 0.0000000e+00 0.0000000e+00 0.0000000e+00 0.0000000e+00
1.4400000e+04 0.0000000e+00 0.0000000e+00 0.0000000e+00 0.0000000e+00
1.5120000e+04 0.0000000e+00 0.0000000e+00 0.0000000e+00 0.0000000e+00
1.5840000e+04 0.0000000e+00 0.0000000e+00 0.0000000e+00 0.0000000e+00
1.6560000e+04 0.0000000e+00 0.0000000e+00 0.0000000e+00 0.0000000e+00
1.7280000e+04 0.0000000e+00 0.0000000e+00 0.0000000e+00 0.0000000e+00
1.8000000e+04 0.0000000e+00 0.0000000e+00 0.0000000e+00 0.0000000e+00
1.8720000e+04 0.0000000e+00 0.0000000e+00 0.0000000e+00 0.0000000e+00
1.9440000e+04 0.0000000e+00 0.0000000e+00 0.0000000e+00 0.0000000e+00
2.0160000e+04 0.0000000e+00 0.0000000e+00 0.0000000e+00 0.0000000e+00
2.0880000e+04 0.0000000e+00 0.0000000e+00 0.0000000e+00 0.0000000e+00
2.1600000e+04 0.0000000e+00 0.0000000e+00 0.0000000e+00 0.0000000e+00
2.2320000e+04 0.0000000e+00 0.0000000e+00 0.0000000e+00 0.0000000e+00
2.3040000e+04 0.0000000e+00 0.0000000e+00 0.0000000e+00 0.0000000e+00
2.3760000e+04 0.0000000e+00 0.0000000e+00 0.0000000e+00 0.0000000e+00
2.4480000e+04 0.0000000e+00 0.0000000e+00 0.0000000e+00 0.0000000e+00
2.5200000e+04 0.0000000e+00 0.0000000e+00 0.0000000e+00 0.0000000e+00
2.5920000e+04 0.0000000e+00 0.0000000e+00 0.0000000e+00 0.0000000e+00
2.6640000e+04 0.0000000e+00 0.0000000e+00 0.0000000e+00 0.0000000e+00
2.7360000e+04 0.0000000e+00 0.0000000e+00 0.0000000e+00 0.0000000e+00
2.8080000e+04 0.0000000e+00 0.0000000e+00 0.0000000e+00 0.0000000e+00
2.8800000e+04 0.0000000e+00 0.0000000e+00 0.0000000e+00 0.0000000e+00
2.9520000e+04 0.0000000e+00 0.0000000e+00 0.0000000e+00 0.0000000e+00
3.0240000e+04 0.0000000e+00 0.0000000e+00 0.0000000e+00 0.0000000e+00
3.0960000e+04 0.0000000e+00 0.0000000e+00 0.0000000e+00 0.0000000e+00
3.1680000e+04 0.0000000e+00 0.0000000e+00 0.0000000e+00 0.0000000e+00
3.2400000e+04 0.0000000e+00 0.0000000e+00 0.0000000e+00 0.0000000e+00
3.3120000e+04 0.0000000e+00 0.0000000e+00 0.0000000e+00 0.0000000e+00
3.3840000e+04 0.0000000e+00 0.0000000e+00 0.0000000e+00 0.0000000e+00
3.4560000e+04 0.0000000e+00 0.0000000e+00 0.0000000e+00 0.0000000e+00
3.5280000e+04 0.0000000e+00 0.0000000e+00 0.0000000e+00 0.0000000e+00
3.6000000e+04 0.0000000e+00 0.0000000e+00 0.0000000e+00 0.0000000e+00
3.6720000e+04 0.0000000e+00 0.0000000e+00 0.0000000e+00 0.0000000e+00
3.7440000e+04 0.0000000e+00 0.0000000e+00 0.0000000e+00 0.0000000e+00
3.8160000e+04 0.0000000e+00 0.0000000e+00 0.0000000e+00 0.0000000e+00
3.8880000e+04 0.0000000e+00 0.0000000e+00 0.0000000e+00 0.0000000e+00
3.9600000e+04 0.0000000e+00 0.0000000e+00 0.0000000e+00 0.0000000e+00
4.0320000e+04 0.0000000e+00 0.0000000e+00 0.0000000e+00 0.0000000e+00
4.1040000e+04 0.0000000e+00 0.0000000e+00 0.0000000e+00 0.0000000e+00
4.1760000e+04 0.0000000e+00 0.0000000e+00 0.0000000e+00 0.0000000e+00
4.2480000e+04 0.0000000e+00 0.0000000e+00 0.0000000e+00 0.0000000e+00
4.3200000e+04 0.0000000e+00 0.0000000e+00 0.0000000e+00 0.0000000e+00
4.3920000e+04 0.0000000e+00 0.0000000e+00 0.0000000e+00 0.0000000e+00
4.4640000e+04 0.0000000e+00 0.0000000e+00 0.0000000e+00 0.0000000e+00
4.5360000e+04 0.0000000e+00 0.0000000e+00 0.0000000e+00 0.0000000e+00
4.6080000e+04 0.0000000e+00 0.0000000e+00 0.0000000e+00 0.0000000e+00
4.6800000e+04 0.0000000e+00 0.0000000e+00 0.0000000e+00 0.0000000e+00
4.7520000e+04 0.0000000e+00 0.0000000e+00 0.0000000e+00 0.0000000e+00
4.8240000e+04 0.0000000e+00 0.0000000e+00 0.0000000e+00 0.0000000e+00
4.8960000e+04 0.0000000e+00 0.0000000e+00 0.0000000e+00 0.0000000e+00
4.9680000e+04 0.0000000e+00 0.0000000e+00 0.0000000e+00 0.0000000e+00
5.0400000e+04 0.0000000e+00 0.0000000e+00 0.0000000e+00 0.0000000e+00
5.1120000e+04 0.0000000e+00 0.0000000e+00 0.0000000e+00 0.0000000e+00
5.1840000e+04 0.0000000e+00 0.0000000e+00 0.0000000e+00 0.0000000e+00
5.2560000e+04 0.0000000e+00 0.0000000e+00 0.0000000e+00 0.0000000e+00
5.3280000e+04 0.0000000e+00 0.0000000e+00 0.0000000e+00 0.0000000e+00
5.4000000e+04 0.0000000e+00 0.0000000e+00 0.0000000e+00 0.0000000e+00
5.4720000e+04 0.0000000e+00 0.0000000e+00 0.0000000e+00 0.0000000e+00
5.5440000e+04 0.0000000e+00 0.0000000e+00 0.0000000e+00 0.0000000e+00
5.6160000e+04 0.0000000e+00 0.0000000e+00 0.0000000e+00 0.0000000e+00
5.6880000e+04 0.0000000e+00 0.0000000e+00 0.0000000e+00 0.0000000e+00
5.7600000e+04 0.0000000e+00 0.0000000e+00 0.0000000e+00 0.0000000e+00
5.8320000e+04 0.0000000e+00 0.0000000e+00 0.0000000e+00 0.0000000e+00
5.9040000e+04 0.0000000e+00 0.0000000e+00 0.0000000e+00 0.0000000e+00
5.9760000e+04 0.0000000e+00 0.0000000e+00 0.0000000e+00 0.0000000e+00
6.0480000e+04 0.0000000e+00 0.0000000e+00 0.0000000e+00 0.0000000e+00
6.1200000e+04 0.0000000e+00 0.0000000e+00 0.0000000e+00 0.0000000e+00
6.1920000e+04 0.0000000e+00 0.0000000e+00 0.0000000e+00 0.0000000e+00
6.2640000e+04 0.0000000e+00 0.0000000e+00 0.0000000e+00 0.0000000e+00
6.3360000e+04 0.0000000e+00 0.0000000e+00 0.0000000e+00 0.0000000e+00
6.4080000e+04 0.0000000e+00 0.0000000e+00 0.0000000e+00 0.0000000e+00
6.4800000e+04 0.0000000e+00 0.0000000e+00 0.0000000e+00 0.0000000e+00
6.5520000e+04 0.0000000e+00 0.0000000e+00 0.0000000e+00 0.0000000e+00
6.6240000e+04 0.0000000e+00 0.0000000e+00 0.0000000e+00 0.0000000e+00
6.6960000e+04 0.0000000e+00 0.0000000e+00 0.0000000e+00 0.0000000e+00
6.7680000e+04 0.0000000e+00 0.0000000e+00 0.0000000e+00 0.0000000e+00
6.8400000e+04 0.0000000e+00 0.0000000e+00 0.0000000e+00 0.0000000e+00
6.9120000e+04 0.0000000e+00 0.0000000e+00 0.0000000e+00 0.0000000e+00
6.9840000e+04 0.0000000e+00 0.0000000e+00 0.0000000e+00 0.0000000e+00
7.0560000e+04 0.0000000e+00 0.0000000e+00 0.0000000e+00 0.0000000e+00
7.1280000e+04 0.0000000e+00 0.0000000e+00 0.0000000e+00 0.0000000e+00
7.2000000e+04 0.0000000e+00 0.0000000e+00 0.0000000e+00 0.0000000e+00
7.2720000e+04 0.0000000e+00 0.0000000e+00 0.0000000e+00 0.0000000e+00
7.3440000e+04 0.0000000e+00 0.0000000e+00 0.0000000e+00 0.0000000e+00
7.4160000e+04 0.0000000e+00 0.0000000e+00 0.0000000e+00 0.0000000e+00
7.4880000e+04 0.0000000e+00 0.0000000e+00 0.0000000e+00 0.0000000e+00
7.5600000e+04 0.0000000e+00 0.0000000e+00 0.0000000e+00 0.0000000e+00
7.6320000e+04 0.0000000e+00 0.0000000e+00 0.0000000e+00 0.0000000e+00
7.7040000e+04 0.0000000e+00 0.0000000e+00 0.0000000e+00 0.0000000e+00
7.7760000e+04 0.0000000e+00 0.0000000e+00 0.0000000e+00 0.0000000e+00
7.8480000e+04 0.0000000e+00 0.0000000e+00 0.0000000e+00 0.0000000e+00
7.9200000e+04 0.0000000e+00 0.0000000e+00 0.0000000e+00 0.0000000e+00
7.9920000e+04 0.0000000e+00 0.0000000e+00 0.0000000e+00 0.0000000e+00
8.0640000e+04 0.0000000e+00 0.0000000e+00 0.0000000e+00 0.0000000e+00
8.1360000e+04 0.0000000e+00 0.0000000e+00 0.0000000e+00 0.0000000e+00
8.2080000e+04 0.0000000e+00 0.0000000e+00 0.0000000e+00 0.0000000e+00
8.2800000e+04 0.0000000e+00 0.0000000e+00 0.0000000e+00 0.0000000e+00
8.3520000e+04 0.0000000e+00 0.0000000e+00 0.0000000e+00 0.0000000e+00
8.4240000e+04 0.0000000e+00 0.0000000e+00 0.0000000e+00 0.0000000e+00
8.4960000e+04 0.0000000e+00 0.0000000e+00 0.0000000e+00 0.0000000e+00
8.5680000e+04 0.0000000e+00 0.0000000e+00 0.0000000e+00 0.0000000e+00
8.6400000e+04 0.0000000e+00 0.0000000e+00 0.0000000e+00 0.0000000e+00
8.7120000e+04 0.0000000e+00 0.0000000e+00 0.0000000e+00 0.0000000e+00
8.7840000e+04 0.0000000e+00 0.0000000e+00 0.0000000e+00 0.0000000e+00
8.8560000e+04 0.0000000e+00 0.0000000e+00 0.0000000e+00 0.0000000e+00
8.9280000e+04 0.0000000e+00 0.0000000e+00 0.0000000e+00 0.0000000e+00
9.0000000e+04 0.0000000e+00 0.0000000e+00 0.0000000e+00 0.0000000e+00
9.0720000e+04 0.0000000e+00 0.0000000e+00 0.0000000e+00 0.0000000e+00
9.1440000e+04 0.0000000e+00 0.0000000e+00 0.0000000e+00 0.0000000e+00
9.2160000e+04 0.0000000e+00 0.0000000e+00 0.0000000e+00 0.0000000e+00
9.2880000e+04 0.0000000e+00 0.0000000e+00 0.0000000e+00 0.0000000e+00
9.3600000e+04 0.0000000e+00 0.0000000e+00 0.0000000e+00 0.0000000e+00
9.4320000e+04 0.0000000e+00 0.0000000e+00 0.0000000e+00 0.0000000e+00
9.5040000e+04 0.0000000e+00 0.0000000e+00 0.0000000e+00 0.0000000e+00
9.5760000e+04 0.0000000e+00 0.0000000e+00 0.0000000e+00 0.0000000e+00
9.6480000e+04 0.0000000e+00 0.0000000e+00 0.0000000e+00 0.0000000e+00
9.7200000e+04 0.0000000e+00 0.0000000e+00 0.0000000e+00 0.0000000e+00
9.7920000e+04 0.0000000e+00 0.0000000e+00 0.0000000e+00 0.0000000e+00
9.8640000e+04 0.0000000e+00 0.0000000e+00 0.0000000e+00 0.0000000e+00
9.9360000e+04 0.0000000e+00 0.0000000e+00 0.0000000e+00 0.0000000e+00
1.0008000e+05 0.0000000e+00 0.0000000e+00 0.0000000e+00 0.0000000e+00
1.0080000e+05 0.0000000e+00 0.0000000e+00 0.0000000e+00 0.0000000e+00
1.0152000e+05 0.0000000e+00 0.0000000e+00 0.0000000e+00 0.0000000e+00
1.0224000e+05 0.0000000e+00 0.0000000e+00 0.0000000e+00 0.0000000e+00
1.0296000e+05 0.0000000e+00 0.0000000e+00 0.0000000e+00 0.0000000e+00
1.0368000e+05 0.0000000e+00 0.0000000e+00 0.0000000e+00 0.0000000e+00
1.0440000e+05 0.0000000e+00 0.0000000e+00 0.0000000e+00 0.0000000e+00
1.0512000e+05 0.0000000e+00 0.0000000e+00 0.0000000e+00 0.0000000e+00
1.0584000e+05 0.0000000e+00 0.0000000e+00 0.0000000e+00 0.0000000e+00
1.0656000e+05 0.0000000e+00 0.0000000e+00 0.0000000e+00 0.0000000e+00
1.0728000e+05 0.0000000e+00 0.0000000e+00 0.0000000e+00 0.0000000e+00
1.0800000e+05 0.0000000e+00 0.0000000e+00 0.0000000e+00 0.0000000e+00
1.0872000e+05 0.0000000e+00 0.0000000e+00 0.0000000e+00 0.0000000e+00
1.0944000e+05 0.0000000e+00 0.0000000e+00 0.0000000e+00 0.0000000e+00
1.1016000e+05 0.0000000e+00 0.0000000e+00 0.0000000e+00 0.0000000e+00
1.1088000e+05 0.0000000e+00 0.0000000e+00 0.0000000e+00 0.0000000e+00
1.1160000e+05 0.0000000e+00 0.0000000e+00 0.0000000e+00 0.0000000e+00
1.1232000e+05 0.0000000e+00 0.0000000e+00 0.0000000e+00 0.0000000e+00
1.1304000e+05 0.0000000e+00 0.0000000e+00 0.0000000e+00 0.0000000e+00
1.1376000e+05 0.0000000e+00 0.0000000e+00 0.0000000e+00 0.0000000e+00
1.1448000e+05 0.0000000e+00 0.0000000e+00 0.0000000e+00 0.0000000e+00
1.1520000e+05 0.0000000e+00 0.0000000e+00 0.0000000e+00 0.0000000e+00
1.1592000e+05 0.0000000e+00 0.0000000e+00 0.0000000e+00 0.0000000e+00
1.1664000e+05 0.0000000e+00 0.0000000e+00 0.0000000e+00 0.0000000e+00
1.1736000e+05 0.0000000e+00 0.0000000e+00 0.0000000e+00 0.0000000e+00
1.1808000e+05 0.0000000e+00 0.0000000e+00 0.0000000e+00 0.0000000e+00
1.1880000e+05 0.0000000e+00 0.0000000e+00 0.0000000e+00 0.0000000e+00
1.1952000e+05 0.0000000e+00 0.0000000e+00 0.0000000e+00 0.0000000e+00
1.2024000e+05 0.0000000e+00 0.0000000e+00 0.0000000e+00 0.0000000e+00
1.2096000e+05 0.0000000e+00 0.0000000e+00 0.0000000e+00 0.0000000e+00
1.2168000e+05 0.0000000e+00 0.0000000e+00 0.0000000e+00 0.0000000e+00
1.2240000e+05 0.0000000e+00 0.0000000e+00 0.0000000e+00 0.0000000e+00
1.2312000e+05 0.0000000e+00 0.0000000e+00 0.0000000e+00 0.0000000e+00
1.2384000e+05 0.0000000e+00 0.0000000e+00 0.0000000e+00 0.0000000e+00
1.2456000e+05 0.0000000e+00 0.0000000e+00 0.0000000e+00 0.0000000e+00
1.2528000e+05 0.0000000e+00 0.0000000e+00 0.0000000e+00 0.0000000e+00
1.2600000e+05 0.0000000e+00 0.0000000e+00 0.0000000e+00 0.0000000e+00
1.2672000e+05 0.0000000e+00 0.0000000e+00 0.0000000e+00 0.0000000e+00
1.2744000e+05 0.0000000e+00 0.0000000e+00 0.0000000e+00 0.0000000e+00
1.2816000e+05 0.0000000e+00 0.0000000e+00 0.0000000e+00 0.0000000e+00
1.2888000e+05 0.0000000e+00 0.0000000e+00 0.0000000e+00 0.0000000e+00
1.2960000e+05 0.0000000e+00 0.0000000e+00 0.0000000e+00 0.0000000e+00
1.3032000e+05 0.0000000e+00 0.0000000e+00 0.0000000e+00 0.0000000e+00
1.3104000e+05 0.0000000e+00 0.0000000e+00 0.0000000e+00 0.0000000e+00
1.3176000e+05 0.0000000e+00 0.0000000e+00 0.0000000e+00 0.0000000e+00
1.3248000e+05 0.0000000e+00 0.0000000e+00 0.0000000e+00 0.0000000e+00
1.3320000e+05 0.0000000e+00 0.0000000e+00 0.0000000e+00 0.0000000e+00
1.3392000e+05 0.0000000e+00 0.0000000e+00 0.0000000e+00 0.0000000e+00
1.3464000e+05 0.0000000e+00 0.0000000e+00 0.0000000e+00 0.0000000e+00
1.3536000e+05 0.0000000e+00 0.0000000e+00 0.0000000e+00 0.0000000e+00
1.3608000e+05 0.0000000e+00 0.0000000e+00 0.0000000e+00 0.0000000e+00
1.3680000e+05 0.0000000e+00 0.0000000e+00 0.0000000e+00 0.0000000e+00
1.3752000e+05 0.0000000e+00 0.0000000e+00 0.0000000e+00 0.0000000e+00
1.3824000e+05 0.0000000e+00 0.0000000e+00 0.0000000e+00 0.0000000e+00
1.3896000e+05 0.0000000e+00 0.0000000e+00 0.0000000e+00 0.0000000e+00
1.3968000e+05 0.0000000e+00 0.0000000e+00 0.0000000e+00 0.0000000e+00
1.4040000e+05 0.0000000e+00 0.0000000e+00 0.0000000e+00 0.0000000e+00
1.4112000e+05 0.0000000e+00 0.0000000e+00 0.0000000e+00 0.0000000e+00
1.4184000e+05 0.0000000e+00 0.0000000e+00 0.0000000e+00 0.0000000e+00
1.4256000e+05 0.0000000e+00 0.0000000e+00 0.0000000e+00 0.0000000e+00
1.4328000e+05 0.0000000e+00 0.0000000e+00 0.0000000e+00 0.0000000e+00
1.4400000e+05 0.0000000e+00 0.0000000e+00 0.0000000e+00 0.0000000e+00
1.4472000e+05 0.0000000e+00 0.0000000e+00 0.0000000e+00 0.0000000e+00
1.4544000e+05 0.0000000e+00 0.0000000e+00 0.0000000e+00 0.0000000e+00
1.4616000e+05 0.0000000e+00 0.0000000e+00 0.0000000e+00 0.0000000e+00
1.4688000e+05 0.0000000e+00 0.0000000e+00 0.0000000e+00 0.0000000e+00
1.4760000e+05 0.0000000e+00 0.0000000e+00 0.0000000e+00 0.0000000e+00
1.4832000e+05 0.0000000e+00 0.0000000e+00 0.0000000e+00 0.0000000e+00
1.4904000e+05 0.0000000e+00 0.0000000e+00 0.0000000e+00 0.0000000e+00
1.4976000e+05 0.0000000e+00 0.0000000e+00 0.0000000e+00 0.0000000e+00
1.5048000e+05 0.0000000e+00 0.0000000e+00 0.0000000e+00 0.0000000e+00
1.5120000e+05 0.0000000e+00 0.0000000e+00 0.0000000e+00 0.0000000e+00
1.5192000e+05 0.0000000e+00 0.0000000e+00 0.0000000e+00 0.0000000e+00
1.5264000e+05 0.0000000e+00 0.0000000e+00 0.0000000e+00 0.0000000e+00
1.5336000e+05 0.0000000e+00 0.0000000e+00 0.0000000e+00 0.0000000e+00
1.5408000e+05 0.0000000e+00 0.0000000e+00 0.0000000e+00 0.0000000e+00
1.5480000e+05 0.0000000e+00 0.0000000e+00 0.0000000e+00 0.0000000e+00
1.5552000e+05 0.0000000e+00 0.0000000e+00 0.0000000e+00 0.0000000e+00
1.5624000e+05 0.0000000e+00 0.0000000e+00 0.0000000e+00 0.0000000e+00
1.5696000e+05 0.0000000e+00 0.0000000e+00 0.0000000e+00 0.0000000e+00
1.5768000e+05 0.0000000e+00 0.0000000e+00 0.0000000e+00 0.0000000e+00
1.5840000e+05 0.0000000e+00 0.0000000e+00 0.0000000e+00 0.0000000e+00
1.5912000e+05 0.0000000e+00 0.0000000e+00 0.0000000e+00 0.0000000e+00
1.5984000e+05 0.0000000e+00 0.0000000e+00 0.0000000e+00 0.0000000e+00
1.6056000e+05 0.0000000e+00 0.0000000e+00 0.0000000e+00 0.0000000e+00
1.6128000e+05 0.0000000e+00 0.0000000e+00 0.0000000e+00 0.0000000e+00
1.6200000e+05 0.0000000e+00 0.0000000e+00 0.0000000e+00 0.0000000e+00
1.6272000e+05 0.0000000e+00 0.0000000e+00 0.0000000e+00 0.0000000e+00
1.6344000e+05 0.0000000e+00 0.0000000e+00 0.0000000e+00 0.0000000e+00
1.6416000e+05 0.0000000e+00 0.0000000e+00 0.0000000e+00 0.0000000e+00
1.6488000e+05 0.0000000e+00 0.0000000e+00 0.0000000e+00 0.0000000e+00
1.6560000e+05 0.0000000e+00 0.0000000e+00 0.0000000e+00 0.0000000e+00
1.6632000e+05 0.0000000e+00 0.0000000e+00 0.0000000e+00 0.0000000e+00
1.6704000e+05 0.0000000e+00 0.0000000e+00 0.0000000e+00 0.0000000e+00
1.6776000e+05 0.0000000e+00 0.0000000e+00 0.0000000e+00 0.0000000e+00
1.6848000e+05 0.0000000e+00 0.0000000e+00 0.0000000e+00 0.0000000e+00
1.6920000e+05 0.0000000e+00 0.0000000e+00 0.0000000e+00 0.0000000e+00
1.6992000e+05 0.0000000e+00 0.0000000e+00 0.0000000e+00 0.0000000e+00
1.7064000e+05 0.0000000e+00 0.0000000e+00 0.0000000e+00 0.0000000e+00
1.7136000e+05 0.0000000e+00 0.0000000e+00 0.0000000e+00 0.0000000e+00
1.7208000e+05 0.0000000e+00 0.0000000e+00 0.0000000e+00 0.0000000e+00
1.7280000e+05 0.0000000e+00 0.0000000e+00 0.0000000e+00 0.0000000e+00
1.7352000e+05 0.0000000e+00 0.0000000e+00 0.0000000e+00 0.0000000e+00
1.7424000e+05 0.0000000e+00 0.0000000e+00 0.0000000e+00 0.0000000e+00
1.7496000e+05 0.0000000e+00 0.0000000e+00 0.0000000e+00 0.0000000e+00
1.7568000e+05 1.0000000e+00 0.0000000e+00 0.0000000e+00 1.0000000e-03
1.7574000e+05 1.0000000e+00 0.0000000e+00 0.0000000e+00 1.0000000e-03
1.7580000e+05 0.0000000e+00 0.0000000e+00 0.0000000e+00 0.0000000e+00
1.7640000e+05 0.0000000e+00 0.0000000e+00 0.0000000e+00 0.0000000e+00
1.7712000e+05 0.0000000e+00 0.0000000e+00 0.0000000e+00 0.0000000e+00
1.7784000e+05 0.0000000e+00 0.0000000e+00 0.0000000e+00 0.0000000e+00
1.7856000e+05 0.0000000e+00 0.0000000e+00 0.0000000e+00 0.0000000e+00
1.7928000e+05 0.0000000e+00 0.0000000e+00 0.0000000e+00 0.0000000e+00
1.8000000e+05 0.0000000e+00 0.0000000e+00 0.0000000e+00 0.0000000e+00
1.8072000e+05 0.0000000e+00 0.0000000e+00 0.0000000e+00 0.0000000e+00
1.8144000e+05 0.0000000e+00 0.0000000e+00 0.0000000e+00 0.0000000e+00
1.8216000e+05 0.0000000e+00 0.0000000e+00 0.0000000e+00 0.0000000e+00
1.8288000e+05 0.0000000e+00 0.0000000e+00 0.0000000e+00 0.0000000e+00
1.8360000e+05 0.0000000e+00 0.0000000e+00 0.0000000e+00 0.0000000e+00
1.8432000e+05 0.0000000e+00 0.0000000e+00 0.0000000e+00 0.0000000e+00
1.8504000e+05 0.0000000e+00 0.0000000e+00 0.0000000e+00 0.0000000e+00
1.8576000e+05 0.0000000e+00 0.0000000e+00 0.0000000e+00 0.0000000e+00
1.8648000e+05 0.0000000e+00 0.0000000e+00 0.0000000e+00 0.0000000e+00
1.8720000e+05 0.0000000e+00 0.0000000e+00 0.0000000e+00 0.0000000e+00
1.8792000e+05 0.0000000e+00 0.0000000e+00 0.0000000e+00 0.0000000e+00
1.8864000e+05 0.0000000e+00 0.0000000e+00 0.0000000e+00 0.0000000e+00
1.8936000e+05 0.0000000e+00 0.0000000e+00 0.0000000e+00 0.0000000e+00
1.9008000e+05 0.0000000e+00 0.0000000e+00 0.0000000e+00 0.0000000e+00
1.9080000e+05 0.0000000e+00 0.0000000e+00 0.0000000e+00 0.0000000e+00
1.9152000e+05 0.0000000e+00 0.0000000e+00 0.0000000e+00 0.0000000e+00
1.9224000e+05 0.0000000e+00 0.0000000e+00 0.0000000e+00 0.0000000e+00
1.9296000e+05 0.0000000e+00 0.0000000e+00 0.0000000e+00 0.0000000e+00
1.9368000e+05 0.0000000e+00 0.0000000e+00 0.0000000e+00 0.0000000e+00
1.9440000e+05 0.0000000e+00 0.0000000e+00 0.0000000e+00 0.0000000e+00
1.9512000e+05 0.0000000e+00 0.0000000e+00 0.0000000e+00 0.0000000e+00
1.9584000e+05 0.0000000e+00 0.0000000e+00 0.0000000e+00 0.0000000e+00
1.9656000e+05 0.0000000e+00 0.0000000e+00 0.0000000e+00 0.0000000e+00
1.9728000e+05 0.0000000e+00 0.0000000e+00 0.0000000e+00 0.0000000e+00
1.9800000e+05 0.0000000e+00 0.0000000e+00 0.0000000e+00 0.0000000e+00
1.9872000e+05 0.0000000e+00 0.0000000e+00 0.0000000e+00 0.0000000e+00
1.9944000e+05 0.0000000e+00 0.0000000e+00 0.0000000e+00 0.0000000e+00
2.0016000e+05 0.0000000e+00 0.0000000e+00 0.0000000e+00 0.0000000e+00
2.0088000e+05 0.0000000e+00 0.0000000e+00 0.0000000e+00 0.0000000e+00
2.0160000e+05 0.0000000e+00 0.0000000e+00 0.0000000e+00 0.0000000e+00
2.0232000e+05 0.0000000e+00 0.0000000e+00 0.0000000e+00 0.0000000e+00
2.0304000e+05 0.0000000e+00 0.0000000e+00 0.0000000e+00 0.0000000e+00
2.0376000e+05 0.0000000e+00 0.0000000e+00 0.0000000e+00 0.0000000e+00
2.0448000e+05 0.0000000e+00 0.0000000e+00 0.0000000e+00 0.0000000e+00
2.0520000e+05 0.0000000e+00 0.0000000e+00 0.0000000e+00 0.0000000e+00
2.0592000e+05 0.0000000e+00 0.0000000e+00 0.0000000e+00 0.0000000e+00
2.0664000e+05 0.0000000e+00 0.0000000e+00 0.0000000e+00 0.0000000e+00
2.0736000e+05 0.0000000e+00 0.0000000e+00 0.0000000e+00 0.0000000e+00
2.0808000e+05 0.0000000e+00 0.0000000e+00 0.0000000e+00 0.0000000e+00
2.0880000e+05 0.0000000e+00 0.0000000e+00 0.0000000e+00 0.0000000e+00
2.0952000e+05 0.0000000e+00 0.0000000e+00 0.0000000e+00 0.0000000e+00
2.1024000e+05 0.0000000e+00 0.0000000e+00 0.0000000e+00 0.0000000e+00
2.1096000e+05 0.0000000e+00 0.0000000e+00 0.0000000e+00 0.0000000e+00
2.1168000e+05 0.0000000e+00 0.0000000e+00 0.0000000e+00 0.0000000e+00
2.1240000e+05 0.0000000e+00 0.0000000e+00 0.0000000e+00 0.0000000e+00
2.1312000e+05 0.0000000e+00 0.0000000e+00 0.0000000e+00 0.0000000e+00
2.1384000e+05 0.0000000e+00 0.0000000e+00 0.0000000e+00 0.0000000e+00
2.1456000e+05 0.0000000e+00 0.0000000e+00 0.0000000e+00 0.0000000e+00
2.1528000e+05 0.0000000e+00 0.0000000e+00 0.0000000e+00 0.0000000e+00
2.1600000e+05 0.0000000e+00 0.0000000e+00 0.0000000e+00 0.0000000e+00
2.1672000e+05 0.0000000e+00 0.0000000e+00 0.0000000e+00 0.0000000e+00
2.1744000e+05 0.0000000e+00 0.0000000e+00 0.0000000e+00 0.0000000e+00
2.1816000e+05 0.0000000e+00 0.0000000e+00 0.0000000e+00 0.0000000e+00
2.1888000e+05 0.0000000e+00 0.0000000e+00 0.0000000e+00 0.0000000e+00
2.1960000e+05 0.0000000e+00 0.0000000e+00 0.0000000e+00 0.0000000e+00
2.2032000e+05 0.0000000e+00 0.0000000e+00 0.0000000e+00 0.0000000e+00
2.2104000e+05 0.0000000e+00 0.0000000e+00 0.0000000e+00 0.0000000e+00
2.2176000e+05 0.0000000e+00 0.0000000e+00 0.0000000e+00 0.0000000e+00
2.2248000e+05 0.0000000e+00 0.0000000e+00 0.0000000e+00 0.0000000e+00
2.2320000e+05 0.0000000e+00 0.0000000e+00 0.0000000e+00 0.0000000e+00
2.2392000e+05 0.0000000e+00 0.0000000e+00 0.0000000e+00 0.0000000e+00
2.2464000e+05 0.0000000e+00 0.0000000e+00 0.0000000e+00 0.0000000e+00
2.2536000e+05 0.0000000e+00 0.0000000e+00 0.0000000e+00 0.0000000e+00
2.2608000e+05 0.0000000e+00 0.0000000e+00 0.0000000e+00 0.0000000e+00
2.2680000e+05 0.0000000e+00 0.0000000e+00 0.0000000e+00 0.0000000e+00
2.2752000e+05 0.0000000e+00 0.0000000e+00 0.0000000e+00 0.0000000e+00
2.2824000e+05 0.0000000e+00 0.0000000e+00 0.0000000e+00 0.0000000e+00
2.2896000e+05 0.0000000e+00 0.0000000e+00 0.0000000e+00 0.0000000e+00
2.2968000e+05 0.0000000e+00 0.0000000e+00 0.0000000e+00 0.0000000e+00
2.3040000e+05 0.0000000e+00 0.0000000e+00 0.0000000e+00 0.0000000e+00
2.3112000e+05 0.0000000e+00 0.0000000e+00 0.0000000e+00 0.0000000e+00
2.3184000e+05 0.0000000e+00 0.0000000e+00 0.0000000e+00 0.0000000e+00
2.3256000e+05 0.0000000e+00 0.0000000e+00 0.0000000e+00 0.0000000e+00
2.3328000e+05 0.0000000e+00 0.0000000e+00 0.0000000e+00 0.0000000e+00
2.3400000e+05 0.0000000e+00 0.0000000e+00 0.0000000e+00 0.0000000e+00
2.3472000e+05 0.0000000e+00 0.0000000e+00 0.0000000e+00 0.0000000e+00
2.3544000e+05 0.0000000e+00 0.0000000e+00 0.0000000e+00 0.0000000e+00
2.3616000e+05 0.0000000e+00 0.0000000e+00 0.0000000e+00 0.0000000e+00
2.3688000e+05 0.0000000e+00 0.0000000e+00 0.0000000e+00 0.0000000e+00
2.3760000e+05 0.0000000e+00 0.0000000e+00 0.0000000e+00 0.0000000e+00
2.3832000e+05 0.0000000e+00 0.0000000e+00 0.0000000e+00 0.0000000e+00
2.3904000e+05 0.0000000e+00 0.0000000e+00 0.0000000e+00 0.0000000e+00
2.3976000e+05 0.0000000e+00 0.0000000e+00 0.0000000e+00 0.0000000e+00
2.4048000e+05 0.0000000e+00 0.0000000e+00 0.0000000e+00 0.0000000e+00
2.4120000e+05 0.0000000e+00 0.0000000e+00 0.0000000e+00 0.0000000e+00
2.4192000e+05 0.0000000e+00 0.0000000e+00 0.0000000e+00 0.0000000e+00
2.4264000e+05 0.0000000e+00 0.0000000e+00 0.0000000e+00 0.0000000e+00
2.4336000e+05 0.0000000e+00 0.0000000e+00 0.0000000e+00 0.0000000e+00
2.4408000e+05 0.0000000e+00 0.0000000e+00 0.0000000e+00 0.0000000e+00
2.4480000e+05 0.0000000e+00 0.0000000e+00 0.0000000e+00 0.0000000e+00
2.4552000e+05 0.0000000e+00 0.0000000e+00 0.0000000e+00 0.0000000e+00
2.4624000e+05 0.0000000e+00 0.0000000e+00 0.0000000e+00 0.0000000e+00
2.4696000e+05 0.0000000e+00 0.0000000e+00 0.0000000e+00 0.0000000e+00
2.4768000e+05 0.0000000e+00 0.0000000e+00 0.0000000e+00 0.0000000e+00
2.4840000e+05 0.0000000e+00 0.0000000e+00 0.0000000e+00 0.0000000e+00
2.4912000e+05 0.0000000e+00 0.0000000e+00 0.0000000e+00 0.0000000e+00
2.4984000e+05 0.0000000e+00 0.0000000e+00 0.0000000e+00 0.0000000e+00
2.5056000e+05 0.0000000e+00 0.0000000e+00 0.0000000e+00 0.0000000e+00
2.5128000e+05 0.0000000e+00 0.0000000e+00 0.0000000e+00 0.0000000e+00
2.5200000e+05 0.0000000e+00 0.0000000e+00 0.0000000e+00 0.0000000e+00
2.5272000e+05 0.0000000e+00 0.0000000e+00 0.0000000e+00 0.0000000e+00
2.5344000e+05 0.0000000e+00 0.0000000e+00 0.0000000e+00 0.0000000e+00
2.5416000e+05 0.0000000e+00 0.0000000e+00 0.0000000e+00 0.0000000e+00
2.5488000e+05 0.0000000e+00 0.0000000e+00 0.0000000e+00 0.0000000e+00
2.5560000e+05 0.0000000e+00 0.0000000e+00 0.0000000e+00 0.0000000e+00
2.5632000e+05 0.0000000e+00 0.0000000e+00 0.0000000e+00 0.0000000e+00
2.5704000e+05 0.0000000e+00 0.0000000e+00 0.0000000e+00 0.0000000e+00
2.5776000e+05 0.0000000e+00 0.0000000e+00 0.0000000e+00 0.0000000e+00
2.5848000e+05 0.0000000e+00 0.0000000e+00 0.0000000e+00 0.0000000e+00
2.5920000e+05 0.0000000e+00 0.0000000e+00 0.0000000e+00 0.0000000e+00
2.5992000e+05 0.0000000e+00 0.0000000e+00 0.0000000e+00 0.0000000e+00
2.6064000e+05 0.0000000e+00 0.0000000e+00 0.0000000e+00 0.0000000e+00
2.6136000e+05 0.0000000e+00 0.0000000e+00 0.0000000e+00 0.0000000e+00
2.6208000e+05 0.0000000e+00 0.0000000e+00 0.0000000e+00 0.0000000e+00
2.6280000e+05 0.0000000e+00 0.0000000e+00 0.0000000e+00 0.0000000e+00
2.6352000e+05 0.0000000e+00 0.0000000e+00 0.0000000e+00 0.0000000e+00
2.6424000e+05 0.0000000e+00 0.0000000e+00 0.0000000e+00 0.0000000e+00
2.6496000e+05 0.0000000e+00 0.0000000e+00 0.0000000e+00 0.0000000e+00
2.6568000e+05 0.0000000e+00 0.0000000e+00 0.0000000e+00 0.0000000e+00
2.6640000e+05 0.0000000e+00 0.0000000e+00 0.0000000e+00 0.0000000e+00
2.6712000e+05 0.0000000e+00 0.0000000e+00 0.0000000e+00 0.0000000e+00
2.6784000e+05 0.0000000e+00 0.0000000e+00 0.0000000e+00 0.0000000e+00
2.6856000e+05 0.0000000e+00 0.0000000e+00 0.0000000e+00 0.0000000e+00
2.6928000e+05 0.0000000e+00 0.0000000e+00 0.0000000e+00 0.0000000e+00
2.7000000e+05 0.0000000e+00 0.0000000e+00 0.0000000e+00 0.0000000e+00
2.7072000e+05 0.0000000e+00 0.0000000e+00 0.0000000e+00 0.0000000e+00
2.7144000e+05 0.0000000e+00 0.0000000e+00 0.0000000e+00 0.0000000e+00
2.7216000e+05 0.0000000e+00 0.0000000e+00 0.0000000e+00 0.0000000e+00
2.7288000e+05 0.0000000e+00 0.0000000e+00 0.0000000e+00 0.0000000e+00
2.7360000e+05 0.0000000e+00 0.0000000e+00 0.0000000e+00 0.0000000e+00
2.7432000e+05 0.0000000e+00 0.0000000e+00 0.0000000e+00 0.0000000e+00
2.7504000e+05 0.0000000e+00 0.0000000e+00 0.0000000e+00 0.0000000e+00
2.7576000e+05 0.0000000e+00 0.0000000e+00 0.0000000e+00 0.0000000e+00
2.7648000e+05 0.0000000e+00 0.0000000e+00 0.0000000e+00 0.0000000e+00
2.7720000e+05 0.0000000e+00 0.0000000e+00 0.0000000e+00 0.0000000e+00
2.7792000e+05 0.0000000e+00 0.0000000e+00 0.0000000e+00 0.0000000e+00
2.7864000e+05 0.0000000e+00 0.0000000e+00 0.0000000e+00 0.0000000e+00
2.7936000e+05 0.0000000e+00 0.0000000e+00 0.0000000e+00 0.0000000e+00
2.8008000e+05 0.0000000e+00 0.0000000e+00 0.0000000e+00 0.0000000e+00
2.8080000e+05 0.0000000e+00 0.0000000e+00 0.0000000e+00 0.0000000e+00
2.8152000e+05 0.0000000e+00 0.0000000e+00 0.0000000e+00 0.0000000e+00
2.8224000e+05 0.0000000e+00 0.0000000e+00 0.0000000e+00 0.0000000e+00
2.8296000e+05 0.0000000e+00 0.0000000e+00 0.0000000e+00 0.0000000e+00
2.8368000e+05 0.0000000e+00 0.0000000e+00 0.0000000e+00 0.0000000e+00
2.8440000e+05 0.0000000e+00 0.0000000e+00 0.0000000e+00 0.0000000e+00
2.8512000e+05 0.0000000e+00 0.0000000e+00 0.0000000e+00 0.0000000e+00
2.8584000e+05 0.0000000e+00 0.0000000e+00 0.0000000e+00 0.0000000e+00
2.8656000e+05 0.0000000e+00 0.0000000e+00 0.0000000e+00 0.0000000e+00
2.8728000e+05 0.0000000e+00 0.0000000e+00 0.0000000e+00 0.0000000e+00
2.8800000e+05 0.0000000e+00 0.0000000e+00 0.0000000e+00 0.0000000e+00
2.8872000e+05 0.0000000e+00 0.0000000e+00 0.0000000e+00 0.0000000e+00
2.8944000e+05 0.0000000e+00 0.0000000e+00 0.0000000e+00 0.0000000e+00
2.9016000e+05 0.0000000e+00 0.0000000e+00 0.0000000e+00 0.0000000e+00
2.9088000e+05 0.0000000e+00 0.0000000e+00 0.0000000e+00 0.0000000e+00
2.9160000e+05 0.0000000e+00 0.0000000e+00 0.0000000e+00 0.0000000e+00
2.9232000e+05 0.0000000e+00 0.0000000e+00 0.0000000e+00 0.0000000e+00
2.9304000e+05 0.0000000e+00 0.0000000e+00 0.0000000e+00 0.0000000e+00
2.9376000e+05 0.0000000e+00 0.0000000e+00 0.0000000e+00 0.0000000e+00
2.9448000e+05 0.0000000e+00 0.0000000e+00 0.0000000e+00 0.0000000e+00
2.9520000e+05 0.0000000e+00 0.0000000e+00 0.0000000e+00 0.0000000e+00
2.9592000e+05 0.0000000e+00 0.0000000e+00 0.0000000e+00 0.0000000e+00
2.9664000e+05 0.0000000e+00 0.0000000e+00 0.0000000e+00 0.0000000e+00
2.9736000e+05 0.0000000e+00 0.0000000e+00 0.0000000e+00 0.0000000e+00
2.9808000e+05 0.0000000e+00 0.0000000e+00 0.0000000e+00 0.0000000e+00
2.9880000e+05 0.0000000e+00 0.0000000e+00 0.0000000e+00 0.0000000e+00
2.9952000e+05 0.0000000e+00 0.0000000e+00 0.0000000e+00 0.0000000e+00
3.0024000e+05 0.0000000e+00 0.0000000e+00 0.0000000e+00 0.0000000e+00
3.0096000e+05 0.0000000e+00 0.0000000e+00 0.0000000e+00 0.0000000e+00
3.0168000e+05 0.0000000e+00 0.0000000e+00 0.0000000e+00 0.0000000e+00
3.0240000e+05 0.0000000e+00 0.0000000e+00 0.0000000e+00 0.0000000e+00
3.0312000e+05 0.0000000e+00 0.0000000e+00 0.0000000e+00 0.0000000e+00
3.0384000e+05 0.0000000e+00 0.0000000e+00 0.0000000e+00 0.0000000e+00
3.0456000e+05 0.0000000e+00 0.0000000e+00 0.0000000e+00 0.0000000e+00
3.0528000e+05 0.0000000e+00 0.0000000e+00 0.0000000e+00 0.0000000e+00
3.0600000e+05 0.0000000e+00 0.0000000e+00 0.0000000e+00 0.0000000e+00
3.0672000e+05 0.0000000e+00 0.0000000e+00 0.0000000e+00 0.0000000e+00
3.0744000e+05 0.0000000e+00 0.0000000e+00 0.0000000e+00 0.0000000e+00
3.0816000e+05 0.0000000e+00 0.0000000e+00 0.0000000e+00 0.0000000e+00
3.0888000e+05 0.0000000e+00 0.0000000e+00 0.0000000e+00 0.0000000e+00
3.0960000e+05 0.0000000e+00 0.0000000e+00 0.0000000e+00 0.0000000e+00
3.1032000e+05 0.0000000e+00 0.0000000e+00 0.0000000e+00 0.0000000e+00
3.1104000e+05 0.0000000e+00 0.0000000e+00 0.0000000e+00 0.0000000e+00
3.1176000e+05 0.0000000e+00 0.0000000e+00 0.0000000e+00 0.0000000e+00
3.1248000e+05 0.0000000e+00 0.0000000e+00 0.0000000e+00 0.0000000e+00
3.1320000e+05 0.0000000e+00 0.0000000e+00 0.0000000e+00 0.0000000e+00
3.1392000e+05 0.0000000e+00 0.0000000e+00 0.0000000e+00 0.0000000e+00
3.1464000e+05 0.0000000e+00 0.0000000e+00 0.0000000e+00 0.0000000e+00
3.1536000e+05 0.0000000e+00 0.0000000e+00 0.0000000e+00 0.0000000e+00
3.1608000e+05 0.0000000e+00 0.0000000e+00 0.0000000e+00 0.0000000e+00
3.1680000e+05 0.0000000e+00 0.0000000e+00 0.0000000e+00 0.0000000e+00
3.1752000e+05 0.0000000e+00 0.0000000e+00 0.0000000e+00 0.0000000e+00
3.1824000e+05 0.0000000e+00 0.0000000e+00 0.0000000e+00 0.0000000e+00
3.1896000e+05 0.0000000e+00 0.0000000e+00 0.0000000e+00 0.0000000e+00
3.1968000e+05 0.0000000e+00 0.0000000e+00 0.0000000e+00 0.0000000e+00
3.2040000e+05 0.0000000e+00 0.0000000e+00 0.0000000e+00 0.0000000e+00
3.2112000e+05 0.0000000e+00 0.0000000e+00 0.0000000e+00 0.0000000e+00
3.2184000e+05 0.0000000e+00 0.0000000e+00 0.0000000e+00 0.0000000e+00
3.2256000e+05 0.0000000e+00 0.0000000e+00 0.0000000e+00 0.0000000e+00
3.2328000e+05 0.0000000e+00 0.0000000e+00 0.0000000e+00 0.0000000e+00
3.2400000e+05 0.0000000e+00 0.0000000e+00 0.0000000e+00 0.0000000e+00
3.2472000e+05 0.0000000e+00 0.0000000e+00 0.0000000e+00 0.0000000e+00
3.2544000e+05 0.0000000e+00 0.0000000e+00 0.0000000e+00 0.0000000e+00
3.2616000e+05 0.0000000e+00 0.0000000e+00 0.0000000e+00 0.0000000e+00
3.2688000e+05 0.0000000e+00 0.0000000e+00 0.0000000e+00 0.0000000e+00
3.2760000e+05 0.0000000e+00 0.0000000e+00 0.0000000e+00 0.0000000e+00
3.2832000e+05 0.0000000e+00 0.0000000e+00 0.0000000e+00 0.0000000e+00
3.2904000e+05 0.0000000e+00 0.0000000e+00 0.0000000e+00 0.0000000e+00
3.2976000e+05 0.0000000e+00 0.0000000e+00 0.0000000e+00 0.0000000e+00
3.3048000e+05 0.0000000e+00 0.0000000e+00 0.0000000e+00 0.0000000e+00
3.3120000e+05 0.0000000e+00 0.0000000e+00 0.0000000e+00 0.0000000e+00
3.3192000e+05 0.0000000e+00 0.0000000e+00 0.0000000e+00 0.0000000e+00
3.3264000e+05 0.0000000e+00 0.0000000e+00 0.0000000e+00 0.0000000e+00
3.3336000e+05 0.0000000e+00 0.0000000e+00 0.0000000e+00 0.0000000e+00
3.3408000e+05 0.0000000e+00 0.0000000e+00 0.0000000e+00 0.0000000e+00
3.3480000e+05 0.0000000e+00 0.0000000e+00 0.0000000e+00 0.0000000e+00
3.3552000e+05 0.0000000e+00 0.0000000e+00 0.0000000e+00 0.0000000e+00
3.3624000e+05 0.0000000e+00 0.0000000e+00 0.0000000e+00 0.0000000e+00
3.3696000e+05 0.0000000e+00 0.0000000e+00 0.0000000e+00 0.0000000e+00
3.3768000e+05 0.0000000e+00 0.0000000e+00 0.0000000e+00 0.0000000e+00
3.3840000e+05 0.0000000e+00 0.0000000e+00 0.0000000e+00 0.0000000e+00
3.3912000e+05 0.0000000e+00 0.0000000e+00 0.0000000e+00 0.0000000e+00
3.3984000e+05 0.0000000e+00 0.0000000e+00 0.0000000e+00 0.0000000e+00
3.4056000e+05 0.0000000e+00 0.0000000e+00 0.0000000e+00 0.0000000e+00
3.4128000e+05 0.0000000e+00 0.0000000e+00 0.0000000e+00 0.0000000e+00
3.4200000e+05 0.0000000e+00 0.0000000e+00 0.0000000e+00 0.0000000e+00
3.4272000e+05 0.0000000e+00 0.0000000e+00 0.0000000e+00 0.0000000e+00
3.4344000e+05 0.0000000e+00 0.0000000e+00 0.0000000e+00 0.0000000e+00
3.4416000e+05 0.0000000e+00 0.0000000e+00 0.0000000e+00 0.0000000e+00
3.4488000e+05 0.0000000e+00 0.0000000e+00 0.0000000e+00 0.0000000e+00
3.4560000e+05 0.0000000e+00 0.0000000e+00 0.0000000e+00 0.0000000e+00
3.4632000e+05 0.0000000e+00 0.0000000e+00 0.0000000e+00 0.0000000e+00
3.4704000e+05 0.0000000e+00 0.0000000e+00 0.0000000e+00 0.0000000e+00
3.4776000e+05 0.0000000e+00 0.0000000e+00 0.0000000e+00 0.0000000e+00
3.4848000e+05 0.0000000e+00 0.0000000e+00 0.0000000e+00 0.0000000e+00
3.4920000e+05 0.0000000e+00 0.0000000e+00 0.0000000e+00 0.0000000e+00
3.4992000e+05 0.0000000e+00 0.0000000e+00 0.0000000e+00 0.0000000e+00
3.5064000e+05 0.0000000e+00 0.0000000e+00 0.0000000e+00 0.0000000e+00
3.5136000e+05 0.0000000e+00 0.0000000e+00 0.0000000e+00 0.0000000e+00
